1位,,アルケミスト,塩けんぴ,1411,5
2位,,アルケミスト,SweetRain,1404,5
3位,,アルケミスト,の角煮,1366,5
4位,,アルケミスト,メンフクロウ,1359,5
5位,,マスケッティア,賞金太郎,1270,5
6位,,アルケミスト,PanoramaCraft,1260,5
7位,,マスケッティア,春乃悠,1201,5
8位,,アルケミスト,明治＠水鯖,1188,5
9位,,アルケミスト,時給600円,1110,5
10位,,アルケミスト,sleepyhead,1107,5
11位,,アルケミスト,Al・In,1089,5
12位,,アルケミスト,☆IKUMI＿LOVE☆,1082,5
13位,,アルケミスト,☆ikumi_love☆,1081,5
14位,,アルケミスト,ビッグマグナムｗ,1080,5
15位,,アルケミスト,アﾉﾚケミスト,1066,5
16位,,マスケッティア,BulletHell,1062,5
17位,,アルケミスト,錬金具,1020,5
18位,,アルケミスト,†ヘルメス†,1015,5
19位,,アルケミスト,ケロリンA錠,1012,5
20位,,アルケミスト,猩猩亀,1008,5
21位,,アルケミスト,グノーシア,1001,5
22位,,アルケミスト,Poise,1001,5
23位,,アルケミスト,たぶ,1000,5
24位,,アルケミスト,モコえもん,1000,5
25位,,アルケミスト,Rebirth,1000,5
26位,,アルケミスト,ペ～ジワン,1000,4
27位,,アルケミスト,剥けたおぬぬ,999,4
28位,,アルケミスト,１１式改,987,4
29位,,アルケミスト,ヒグマの干物,984,5
30位,,マスケッティア,タイプ９,982,5
31位,,アルケミスト,さわ％,979,5
32位,,アルケミスト,ばっら薔薇,977,5
33位,,マスケッティア,fumiRST,976,5
34位,,マスケッティア,火花っち,967,5
35位,,アルケミスト,かな＝たか,964,5
36位,,アルケミスト,Angel_Falls,964,4
37位,,アルケミスト,なそけみすと,963,5
38位,,アルケミスト,ろばの僕,963,5
39位,,アルケミスト,足の裏チーズ,961,5
40位,,マスケッティア,うぉんた,961,5
41位,,アルケミスト,ありさ＠デリ,959,5
42位,,マスケッティア,パンたん,959,2
43位,,アルケミスト,錬金魔術師,958,5
44位,,アルケミスト,ほーえんはいむ！,957,5
45位,,アルケミスト,夜都,957,5
46位,,アルケミスト,ｷｬｽﾃｨｴﾙ,956,5
47位,,アルケミスト,錬金術師01,955,5
48位,,アルケミスト,矛盾なマヌケ,954,5
49位,,アルケミスト,OscarPeterson,951,5
50位,,マスケッティア,Zenjubou,951,5
51位,,アルケミスト,エナドリ中毒,951,2
52位,,アルケミスト,ゼブライカ,950,5
53位,,アルケミスト,バッチマン,947,5
54位,,アルケミスト,事細かに,946,5
55位,,アルケミスト,§ＲＥＢＥＣＣＡ,943,5
56位,,アルケミスト,ampfw,943,5
57位,,マスケッティア,銃撃隊班長,943,5
58位,,マスケッティア,銃☆バン！,942,5
59位,,アルケミスト,シヴァウィル,942,3
60位,,マスケッティア,ぽてちガンガン☆,942,2
61位,,アルケミスト,くらみちゃん,941,5
62位,,マスケッティア,獅子王子,940,5
63位,,アルケミスト,ドグ・ソルティ,940,0
64位,,アルケミスト,いがらし,939,5
65位,,アルケミスト,火村剣心,939,5
66位,,マスケッティア,Ｐｕｉっとな,939,5
67位,,アルケミスト,タイカブ,938,4
68位,,マスケッティア,マスラオー,938,3
69位,,アルケミスト,SHERBET水,937,5
70位,,アルケミスト,思い出InMyHead,937,5
71位,,アルケミスト,SI（不審者）,937,5
72位,,アルケミスト,カルＤＸⅡ,937,5
73位,,アルケミスト,明治＠水錆,937,4
74位,,マスケッティア,金太ﾏｽｹｯﾄ,937,3
75位,,アルケミスト,探究心,936,5
76位,,マスケッティア,きぃ～・,936,5
77位,,アルケミスト,の貯金箱☆,935,3
78位,,アルケミスト,キスカヌ,933,5
79位,,アルケミスト,肌水しよ,933,5
80位,,アルケミスト,maz☆,933,5
81位,,アルケミスト,ラキスト・ラッソ,933,5
82位,,マスケッティア,ΘショコラΘ,933,5
83位,,アルケミスト,tou22,932,5
84位,,アルケミスト,ｻﾞﾙﾊﾞｰﾄﾙ,932,5
85位,,アルケミスト,本家あばぶん,931,5
86位,,アルケミスト,村田歩兵銃,931,5
87位,,アルケミスト,CHOa,931,5
88位,,マスケッティア,lostmind,930,5
89位,,マスケッティア,♭HeartBreaker♭,930,5
90位,,マスケッティア,コルト☆パイソン,930,5
91位,,マスケッティア,すっぽんのこども,930,4
92位,,アルケミスト,ΨうずらΨ,929,5
93位,,アルケミスト,☆Galileo♪,929,5
94位,,アルケミスト,科学者ろば,929,5
95位,,マスケッティア,＆そうのすけ,929,5
96位,,マスケッティア,SaGa_M,929,5
97位,,アルケミスト,feuilage,927,5
98位,,アルケミスト,探求心,927,5
99位,,マスケッティア,誰が為の田中,927,5
100位,,マスケッティア,クルツ⊿,927,4
101位,,アルケミスト,へろへろぽん,926,5
102位,,アルケミスト,如月咲夜,926,5
103位,,マスケッティア,＃そうのすけ＃,926,5
104位,,マスケッティア,Live_Wire,926,5
105位,,アルケミスト,ダイタクヘリオス,926,3
106位,,アルケミスト,VinsmokeYonji,926,0
107位,,アルケミスト,ともぞぅ,926,0
108位,,マスケッティア,肉おじ,926,0
109位,,アルケミスト,けみす,925,5
110位,,アルケミスト,KnockMeDown,925,5
111位,,マスケッティア,クリノダンケ,925,5
112位,,マスケッティア,刹那五月雨撃ち,925,5
113位,,アルケミスト,奇兵0型,923,5
114位,,アルケミスト,SI（暗殺者）,923,0
115位,,アルケミスト,ほくろぽんち,922,5
116位,,アルケミスト,貴方の心に。,922,5
117位,,アルケミスト,§パラケルスス§,922,5
118位,,マスケッティア,栗之銃雄G,922,5
119位,,マスケッティア,栗之銃一,922,5
120位,,マスケッティア,クリノジロー,922,5
121位,,マスケッティア,スクラパ,922,4
122位,,アルケミスト,ｴｺｴｺｱｻﾞﾗｸ,921,5
123位,,アルケミスト,マスケンホーム,921,5
124位,,アルケミスト,tabama,921,5
125位,,アルケミスト,抹茶モンブラン,921,5
126位,,マスケッティア,黒うさ太郎,921,5
127位,,マスケッティア,夕日の丘,921,5
128位,,マスケッティア,VashTheStampede,921,5
129位,,マスケッティア,かおちゃman,921,5
130位,,アルケミスト,イースター・水野,921,4
131位,,アルケミスト,やまケミ☆,921,3
132位,,マスケッティア,0の丘∞の空,921,3
133位,,アルケミスト,colomba,921,0
134位,,アルケミスト,かおちゃまん,920,5
135位,,アルケミスト,しるば～すた～,920,5
136位,,マスケッティア,ごみぺい,920,5
137位,,マスケッティア,StripedOwl,920,4
138位,,アルケミスト,伝説のはい丼,920,2
139位,,アルケミスト,ィィ！,919,5
140位,,アルケミスト,西人,919,5
141位,,アルケミスト,パラダイス銀魂,919,5
142位,,アルケミスト,変態仮面Δ株,918,5
143位,,マスケッティア,ウ～ララ～↑☆彡,918,5
144位,,アルケミスト,霧雨君,918,4
145位,,アルケミスト,焔の餡入り銘菓,917,5
146位,,アルケミスト,Ｍｓｔｒ．Κ,917,4
147位,,アルケミスト,最後の羅刹,917,0
148位,,マスケッティア,魔弾の王,917,0
149位,,アルケミスト,CONDOR。,916,5
150位,,アルケミスト,闇†毒,916,5
151位,,アルケミスト,妖術師ろば,916,5
152位,,マスケッティア,USBポート,916,5
153位,,マスケッティア,ジョビルボ松本,916,5
154位,,アルケミスト,パラケルススMk2,916,4
155位,,アルケミスト,12月15日生まれ,916,3
156位,,アルケミスト,ヒステリッチ,916,0
157位,,アルケミスト,Reinhart,915,5
158位,,アルケミスト,Llareta,915,5
159位,,アルケミスト,アルケミっち,915,5
160位,,アルケミスト,Tumblewind,915,5
161位,,マスケッティア,Ⅹ鴉陣Ⅹ,915,4
162位,,アルケミスト,シザーハンｚｚｚ,915,0
163位,,アルケミスト,アトムファーザー,915,0
164位,,アルケミスト,まるやか,915,0
165位,,アルケミスト,厠の錬金術師,914,5
166位,,アルケミスト,ウラケイレス,914,5
167位,,アルケミスト,さわやか☆,914,5
168位,,アルケミスト,まよなんろーる,914,5
169位,,アルケミスト,Chemical_Ⅹ,914,5
170位,,アルケミスト,狸だって…,914,5
171位,,マスケッティア,三代目バブロン,914,5
172位,,マスケッティア,百発零中,914,5
173位,,アルケミスト,レッサーカッコ,914,4
174位,,アルケミスト,ふさお,914,2
175位,,アルケミスト,おってぃん,913,5
176位,,アルケミスト,Vent0,913,5
177位,,マスケッティア,かぷかぷG,913,5
178位,,アルケミスト,あるけっみ°,913,2
179位,,マスケッティア,魔弾の帝王,913,0
180位,,アルケミスト,ほーえんはいむ☆,912,5
181位,,アルケミスト,サンドクロック→,912,5
182位,,アルケミスト,dropfi,912,5
183位,,アルケミスト,Plague_Doctor,912,5
184位,,マスケッティア,†レインフォルス,912,5
185位,,アルケミスト,極楽亭,912,1
186位,,アルケミスト,黒船の塊,912,0
187位,,マスケッティア,Python357,912,0
188位,,アルケミスト,Haber,911,5
189位,,アルケミスト,MercyⅢ,911,5
190位,,アルケミスト,Mayones,911,5
191位,,アルケミスト,ペナンガラン,911,5
192位,,アルケミスト,最強の,911,5
193位,,アルケミスト,病原菌【なまら】,911,5
194位,,アルケミスト,Valentino☆彡,911,5
195位,,マスケッティア,ほれさん,911,5
196位,,マスケッティア,錬金の使徒・ジル,911,5
197位,,アルケミスト,マグロの１本釣り,911,4
198位,,アルケミスト,マンティーニャ,911,4
199位,,マスケッティア,ナゴ君☆,911,3
200位,,マスケッティア,π麒麟π,911,1
201位,,アルケミスト,ReSeptAlc,911,0
202位,,アルケミスト,Geleerde,910,5
203位,,アルケミスト,ヨセフカの診療所,910,5
204位,,アルケミスト,オリパクカムイ,910,5
205位,,アルケミスト,ペコミスト,910,5
206位,,マスケッティア,Balmuda,910,5
207位,,アルケミスト,takomaketarou,910,4
208位,,アルケミスト,僕をぶったね＞＜,910,3
209位,,アルケミスト,o朝焼けo,910,3
210位,,アルケミスト,ﾄﾘｽﾒｷﾞｽﾄｽ,909,5
211位,,アルケミスト,スンイン兄貴,909,5
212位,,アルケミスト,バブロン弐号機,909,5
213位,,アルケミスト,オルタスヤロン,909,5
214位,,アルケミスト,ψますけみすとψ,909,4
215位,,アルケミスト,VHohenheim,909,4
216位,,アルケミスト,べるねってぃあ,909,4
217位,,アルケミスト,ホットサンド,909,3
218位,,アルケミスト,作業長TAKASHI,909,3
219位,,アルケミスト,Re：誰が為の田中,909,2
220位,,マスケッティア,拳銃使いだ～よ☆,909,1
221位,,アルケミスト,ⅩマニアⅩ,908,5
222位,,アルケミスト,Xerxes_l,908,5
223位,,アルケミスト,JOE（弟者）,908,5
224位,,アルケミスト,Gladiateur,908,5
225位,,アルケミスト,ロッシェル,908,5
226位,,アルケミスト,じゃこにぎり,908,4
227位,,マスケッティア,三ノ瀬,908,4
228位,,アルケミスト,Hypotension_AL,908,3
229位,,アルケミスト,ｱﾙｹﾞﾝ,908,2
230位,,アルケミスト,鉄血にして,908,2
231位,,アルケミスト,月夜の町ロア,908,0
232位,,マスケッティア,ポール・ジロー,908,0
233位,,マスケッティア,嵐ジャスティス,908,0
234位,,アルケミスト,禁止なんぞしるか,907,5
235位,,アルケミスト,源清流清,907,5
236位,,アルケミスト,ビルドアップキッ,907,5
237位,,アルケミスト,めぞのん☆彡,907,5
238位,,アルケミスト,lonelybraver,907,5
239位,,マスケッティア,飛騨の貴族,907,5
240位,,アルケミスト,SI（召喚士）,907,0
241位,,アルケミスト,フェムティズ,906,5
242位,,アルケミスト,蛍とぶ川,906,5
243位,,マスケッティア,射的de銘菓,906,5
244位,,マスケッティア,琴具,906,5
245位,,アルケミスト,とあけみ,906,4
246位,,マスケッティア,マスケおぢさん,906,4
247位,,アルケミスト,☆ザコくん☆,906,3
248位,,マスケッティア,銃えこだ,906,3
249位,,アルケミスト,☆ハロルド,906,0
250位,,アルケミスト,ダーシェン,906,0
251位,,アルケミスト,バングラー,905,5
252位,,アルケミスト,DUBU,905,5
253位,,アルケミスト,ﾋﾟﾙｸﾙ65ml,905,5
254位,,アルケミスト,花譜まるか,905,4
255位,,アルケミスト,Alchemist。,905,3
256位,,アルケミスト,芋洗坂訓練長Ω,905,1
257位,,マスケッティア,クンタキンテ,905,1
258位,,アルケミスト,灌頂,905,0
259位,,アルケミスト,サンジェルマン卿,905,0
260位,,アルケミスト,口寄せ・羅生門,905,0
261位,,アルケミスト,旅する工房,904,5
262位,,マスケッティア,きばマスケ,904,4
263位,,アルケミスト,エコ＾～＾,904,3
264位,,マスケッティア,†magma_gunner†,904,3
265位,,マスケッティア,荒野のゲヤー,904,3
266位,,アルケミスト,スキャットガン,904,2
267位,,アルケミスト,ｼﾁﾛｳ,904,1
268位,,アルケミスト,Kurz01,903,5
269位,,マスケッティア,うさまるくん,903,5
270位,,アルケミスト,ﾃﾞﾛｯｻﾝ,903,4
271位,,アルケミスト,ハルカマン,903,3
272位,,マスケッティア,S_erpens,903,3
273位,,アルケミスト,Evaaa,903,1
274位,,アルケミスト,chronicl,903,0
275位,,アルケミスト,支援極の超,903,0
276位,,マスケッティア,紫罫,903,0
277位,,マスケッティア,薄力子,903,0
278位,,アルケミスト,BLUESY,902,5
279位,,アルケミスト,ゴーレムおじさん,902,5
280位,,アルケミスト,メロメロ2020,902,5
281位,,アルケミスト,Recklessfire,902,5
282位,,アルケミスト,きりおん,902,5
283位,,マスケッティア,南雲ハジメ,902,5
284位,,マスケッティア,☆アンダーソン☆,902,5
285位,,アルケミスト,寒苦鳥,902,4
286位,,アルケミスト,ごみぽい,902,4
287位,,アルケミスト,雅寿賀毘郎,902,4
288位,,アルケミスト,もちけつ,902,4
289位,,アルケミスト,トライガン,902,3
290位,,アルケミスト,danｚou,902,3
291位,,アルケミスト,シュタインベルガ,902,3
292位,,アルケミスト,地図職人見習い,902,3
293位,,アルケミスト,SOF期待の新人,902,3
294位,,マスケッティア,宮古海人,902,3
295位,,アルケミスト,だいのすけぇ,902,2
296位,,アルケミスト,水素水サーバー,902,1
297位,,アルケミスト,ﾀﾞｲｼﾞｮｰﾊﾞﾅｲ博士,902,0
298位,,アルケミスト,擲箭,902,0
299位,,アルケミスト,hiro095,901,5
300位,,マスケッティア,†魔弾の銃士†,901,5
301位,,マスケッティア,手羽から,901,5
302位,,アルケミスト,マスケマン,901,4
303位,,アルケミスト,Hanse†,901,4
304位,,アルケミスト,ｷﾞﾆｱｽ･ｻﾊﾘﾝ,901,4
305位,,アルケミスト,あるちぇにー,901,4
306位,,アルケミスト,卍ﾑｶ着火ﾌｧｲﾔｰ卍,901,4
307位,,マスケッティア,連勤術士,901,4
308位,,アルケミスト,研究師みかりん,901,3
309位,,アルケミスト,アルカラスト,901,3
310位,,アルケミスト,めらめらシナモン,901,3
311位,,アルケミスト,£Cagliostro£,901,3
312位,,マスケッティア,ますけさん,901,0
313位,,アルケミスト,コロネサンデス,900,5
314位,,アルケミスト,ｶﾞｰﾐﾝ,900,5
315位,,アルケミスト,ｽﾄﾛﾍﾞﾘｰｱｲｽ,900,5
316位,,アルケミスト,パイソン。,900,5
317位,,マスケッティア,イエルヴ,900,5
318位,,マスケッティア,ranbooru,900,5
319位,,マスケッティア,ﾀﾞﾝﾌﾞﾙｳｨｰﾄﾞ,900,5
320位,,マスケッティア,Ｐui博士,900,5
321位,,アルケミスト,AshgasGirasole,900,4
322位,,アルケミスト,地球環境防衛隊３,900,4
323位,,アルケミスト,ｵﾘｰﾌﾞｵｲﾙどばどば,900,4
324位,,アルケミスト,LaTache,900,4
325位,,マスケッティア,撃ちたい,900,4
326位,,マスケッティア,復帰したおじいち,900,4
327位,,アルケミスト,たろすけ2号,900,3
328位,,アルケミスト,ア．ラモード,900,3
329位,,マスケッティア,GammaRay_burst,900,3
330位,,アルケミスト,ｶｰﾀﾞｼｱﾝ家の呪い,900,2
331位,,アルケミスト,スウィフター,900,1
332位,,アルケミスト,2次元スカラー,900,0
333位,,マスケッティア,弾切れおじさん,900,0
334位,,マスケッティア,アイスエクレア,900,0
335位,,マスケッティア,マ−ク2,900,0
336位,,アルケミスト,有毛MISS頭,899,4
337位,,アルケミスト,実験No2,899,4
338位,,マスケッティア,ますちぇってぃ,899,4
339位,,マスケッティア,キズナストライク,899,4
340位,,アルケミスト,†炎蓮†,899,0
341位,,アルケミスト,すいふと＾〜,899,0
342位,,マスケッティア,至郎田正影,898,1
343位,,アルケミスト,ぐ〜すかぴ〜,898,0
344位,,アルケミスト,銃王,898,0
345位,,マスケッティア,ｱﾝﾒﾙﾂﾀﾃﾀﾃ,898,0
346位,,アルケミスト,鹿chan,897,4
347位,,アルケミスト,甘えん坊薬品,897,4
348位,,アルケミスト,☆ルル☆彡,897,4
349位,,アルケミスト,愛してると言え,897,3
350位,,アルケミスト,☆ナゴ君☆,897,3
351位,,アルケミスト,ぱらける,897,1
352位,,アルケミスト,ィゥ,897,1
353位,,アルケミスト,悪党の詩,897,0
354位,,アルケミスト,ダーティ・ハリー,896,4
355位,,アルケミスト,ﾌｪﾘｱｰﾉ,896,4
356位,,マスケッティア,松阪牛0013,896,4
357位,,マスケッティア,ﾁﾋﾞｼﾞｼﾞ,896,4
358位,,アルケミスト,むりむりにゃ,896,3
359位,,アルケミスト,ラリットルアヒャ,896,3
360位,,アルケミスト,藤乃花火,896,0
361位,,アルケミスト,MYTH＆ROID,896,0
362位,,アルケミスト,アリスタイオス,895,4
363位,,アルケミスト,アロマミスト,895,4
364位,,アルケミスト,ちゅんすけ,895,4
365位,,マスケッティア,Dralm,895,4
366位,,マスケッティア,鎧左近,895,4
367位,,アルケミスト,ttam,895,3
368位,,アルケミスト,Pandemia,895,3
369位,,アルケミスト,ちさ婆さん,895,3
370位,,アルケミスト,Safina,895,0
371位,,アルケミスト,BumpkinTripper,895,0
372位,,アルケミスト,ﾌﾙﾒﾀﾙ_ｱﾙｹﾐｽﾄ,894,4
373位,,アルケミスト,√ハヤマ,894,4
374位,,アルケミスト,SoulBurner,894,4
375位,,マスケッティア,しょんたろ,894,4
376位,,マスケッティア,ｴｲﾁﾜﾝ,894,4
377位,,アルケミスト,ThePython,894,3
378位,,アルケミスト,鼠田はむら,894,1
379位,,アルケミスト,化学者,894,0
380位,,アルケミスト,Panettone,894,0
381位,,アルケミスト,紅染もみじ,894,0
382位,,マスケッティア,オジ専,894,0
383位,,アルケミスト,筋肉ﾑｷﾑｷﾏｯﾁｮﾏﾝ,893,4
384位,,アルケミスト,一騎当千†龍†,893,4
385位,,アルケミスト,星野☆結衣,893,3
386位,,アルケミスト,松阪牛売れてます,893,1
387位,,アルケミスト,カーラ・フォロ,893,0
388位,,アルケミスト,ザガム,892,4
389位,,アルケミスト,パクケミスト,892,4
390位,,アルケミスト,第六節椎間板狭窄,892,4
391位,,マスケッティア,銃士つかさちゃん,892,3
392位,,アルケミスト,ExplosiveDemon,892,0
393位,,アルケミスト,アル・ラーズィー,891,4
394位,,アルケミスト,ネイサン大尉,891,4
395位,,アルケミスト,☆バース☆,891,3
396位,,アルケミスト,ローソン銀行,891,1
397位,,アルケミスト,☆あるけちゃん☆,891,0
398位,,マスケッティア,ゴルゴ１３１３,891,0
399位,,アルケミスト,SHIGEO,890,4
400位,,アルケミスト,ψAlchemistψ,890,4
401位,,マスケッティア,ｄａｎzou,890,4
402位,,マスケッティア,穢夢,890,3
403位,,マスケッティア,ビリー・シン,890,2
404位,,アルケミスト,インデアン,890,0
405位,,マスケッティア,テヨ,890,0
406位,,マスケッティア,†修羅の鬼神†,889,3
407位,,アルケミスト,あらくれパパパヤ,889,2
408位,,アルケミスト,†修羅の炎†,888,4
409位,,マスケッティア,オルニス,888,4
410位,,マスケッティア,珍棒,888,1
411位,,マスケッティア,Angus†Young,887,4
412位,,マスケッティア,minjon,887,4
413位,,アルケミスト,Conkeldurr,887,3
414位,,アルケミスト,ﾘﾛｲ・ｼﾞｪﾝｷﾝｽ,887,3
415位,,アルケミスト,シュロロロロ,887,3
416位,,マスケッティア,ジョンマクレーン,887,3
417位,,アルケミスト,ﾏﾌﾀﾞ･ｱｯｶｰﾏﾝ,886,4
418位,,アルケミスト,Flaschenzwerg,886,4
419位,,アルケミスト,Teuscher,886,4
420位,,アルケミスト,☆～勇也～☆,886,0
421位,,アルケミスト,紳士ジェシー,886,0
422位,,アルケミスト,縫金銃士,885,4
423位,,マスケッティア,ウェーイキング,885,4
424位,,アルケミスト,アメイジング佐藤,885,0
425位,,マスケッティア,21Guns,885,0
426位,,アルケミスト,靴裏のガム,884,4
427位,,アルケミスト,当意即妙徒手空拳,884,4
428位,,マスケッティア,ジョー兄さん,884,4
429位,,マスケッティア,forwq,884,3
430位,,アルケミスト,すとれーじ,884,2
431位,,アルケミスト,表八句,883,4
432位,,アルケミスト,ナマケミスト,883,4
433位,,アルケミスト,ｷﾀｶﾀﾗｰﾒﾝ,883,4
434位,,アルケミスト,BourBonBon,883,4
435位,,マスケッティア,がんまん西,883,4
436位,,マスケッティア,きよはら,883,4
437位,,アルケミスト,Re；birth,883,3
438位,,マスケッティア,バ・かんちゃ,883,0
439位,,アルケミスト,からっぽカプセル,882,4
440位,,マスケッティア,無鉄砲なガンマン,882,1
441位,,マスケッティア,晴銃麒,882,0
442位,,アルケミスト,点蔵†crossunite,881,4
443位,,アルケミスト,平底フラスコ,881,4
444位,,マスケッティア,恐怖の薬剤師,881,4
445位,,マスケッティア,魁燕,881,4
446位,,マスケッティア,まりぽR35,880,4
447位,,アルケミスト,HyoNさん,880,3
448位,,マスケッティア,まっちゃあじ,880,0
449位,,マスケッティア,thia0012,880,0
450位,,アルケミスト,rakio,879,4
451位,,マスケッティア,保安官☆,879,4
452位,,マスケッティア,☆鉄砲うっちゃう,879,0
453位,,アルケミスト,Phantom_Bullet,878,4
454位,,マスケッティア,ぴよのすけ,878,4
455位,,アルケミスト,PainAway,878,3
456位,,アルケミスト,魔弾の錬金術師,878,1
457位,,アルケミスト,オムレツオムツ,877,4
458位,,アルケミスト,あるけ1,877,4
459位,,アルケミスト,まったりしろくま,877,4
460位,,マスケッティア,サワガニ,877,4
461位,,マスケッティア,masterex,877,4
462位,,アルケミスト,Disinfectant,877,1
463位,,マスケッティア,RoterHase,876,4
464位,,アルケミスト,けみすとりー,876,2
465位,,アルケミスト,あるけみあいす,876,0
466位,,マスケッティア,ガンナーリアド,875,4
467位,,アルケミスト,でれねこまるけ,875,3
468位,,アルケミスト,D‐Ｓtar,875,1
469位,,マスケッティア,ポリーニ250,875,0
470位,,アルケミスト,ますてぃあ,874,4
471位,,アルケミスト,若島旦那,874,4
472位,,アルケミスト,さしみゼリー,874,4
473位,,アルケミスト,レオ二郎,874,3
474位,,マスケッティア,大神田グロリア,874,3
475位,,アルケミスト,銃舞亭,874,1
476位,,マスケッティア,Collie,874,1
477位,,アルケミスト,ますけな,873,4
478位,,アルケミスト,じゃむアル,873,4
479位,,アルケミスト,マヌ・ケット,872,4
480位,,マスケッティア,§最後の忍者§,872,4
481位,,アルケミスト,イチイバルトロン,872,3
482位,,アルケミスト,流離のガンマン,872,0
483位,,アルケミスト,456円,872,0
484位,,マスケッティア,ｳｨﾝﾁｪｽﾀｰ,872,0
485位,,アルケミスト,きま㌧,871,4
486位,,アルケミスト,ﾘｯﾁﾘｯﾁｴｸｽﾌﾟﾚｽ,871,4
487位,,アルケミスト,level2,871,3
488位,,アルケミスト,タイプ♪♪,871,0
489位,,アルケミスト,嶋Pっぽいｵｯｻﾝ,870,4
490位,,アルケミスト,The_Alchemist,870,3
491位,,マスケッティア,§ﾌﾟﾗﾀﾈﾘｳﾑ§,869,1
492位,,アルケミスト,素敵なおじさま！,868,4
493位,,アルケミスト,DOMAN,868,2
494位,,マスケッティア,マスターどんぐり,867,4
495位,,マスケッティア,皆殺しのmelody,867,3
496位,,アルケミスト,ｴﾙﾈｽﾄ,867,2
497位,,マスケッティア,Zabanya,867,0
498位,,アルケミスト,バタードラム,866,4
499位,,アルケミスト,黒門,866,1
500位,,マスケッティア,ホームランダー,865,4
501位,,マスケッティア,ＤＪポリス,865,0
502位,,アルケミスト,暗々,864,4
503位,,アルケミスト,ｱﾙｼｱﾝﾌﾞﾙｰ,864,4
504位,,マスケッティア,コンカラコンカラ,864,0
505位,,アルケミスト,†敏い改めて†,863,0
506位,,マスケッティア,∞無∞垢∞,862,4
507位,,マスケッティア,はんなり×ゆず,862,4
508位,,アルケミスト,ちょいのみ,860,2
509位,,アルケミスト,アルミケント,860,0
510位,,マスケッティア,あるけみすと。,860,0
511位,,アルケミスト,θＪＩＮＢＥθ,859,1
512位,,アルケミスト,いいえ、ｹﾃｨｱです,858,1
513位,,アルケミスト,コーラの研究者,858,0
514位,,アルケミスト,sinatora8,857,2
515位,,マスケッティア,第1十刃,856,4
516位,,アルケミスト,lililililil,856,2
517位,,マスケッティア,Four⇔Seam,856,0
518位,,アルケミスト,Boombom,855,1
519位,,アルケミスト,セラピストーン,854,0
520位,,アルケミスト,CRチャッカマン,853,4
521位,,マスケッティア,ホーリークリスト,852,4
522位,,アルケミスト,お前のﾊ-ﾄにﾄﾞｷｭﾝ,852,2
523位,,アルケミスト,Gilbert,851,4
524位,,アルケミスト,Aalan,851,1
525位,,マスケッティア,そうぎゃらんBAM,851,0
526位,,アルケミスト,NIKU9,850,4
527位,,アルケミスト,フェリアルケ,850,0
528位,,マスケッティア,ブレイクエイジ,849,4
529位,,アルケミスト,RobCo,848,3
530位,,アルケミスト,Singed,842,4
531位,,マスケッティア,ウェスカ－,842,1
532位,,アルケミスト,ﾋﾟｺﾋﾟｺﾊﾝﾏｰ☆彡,841,4
533位,,アルケミスト,卍漆黒†銃撃師卍,840,0
534位,,マスケッティア,Nameless_Story,840,0
535位,,アルケミスト,サーキー,839,0
536位,,マスケッティア,がんぼ。,838,1
537位,,マスケッティア,えっぞ,838,0
538位,,マスケッティア,リップリーⅣ,836,3
539位,,マスケッティア,バッファロービル,834,0
540位,,アルケミスト,アルMAX,833,4
541位,,アルケミスト,小池百合子,833,3
542位,,アルケミスト,ニコケミスト,832,1
543位,,アルケミスト,KillingTime,831,1
544位,,アルケミスト,アナリーゼ,830,0
545位,,アルケミスト,ミルクチョコレー,829,1
546位,,マスケッティア,がんえぼ,827,0
547位,,マスケッティア,義人,824,0
548位,,アルケミスト,Ё。,823,4
549位,,マスケッティア,魔弾の銃士,821,4
550位,,アルケミスト,爆炎の大魔導士,820,3
551位,,アルケミスト,ワンルーム叙事詩,820,3
552位,,マスケッティア,tyataroou,820,1
553位,,アルケミスト,カタカケﾌｳﾁｮｳ,818,2
554位,,マスケッティア,H月兔H,817,2
555位,,アルケミスト,コユキ。,816,0
556位,,アルケミスト,せいじー,815,4
557位,,マスケッティア,鉄礬柘榴石,815,4
558位,,アルケミスト,§TonTon§,815,0
559位,,マスケッティア,コルトSAA,814,2
560位,,マスケッティア,花は枯れ,814,0
561位,,マスケッティア,地球をシチューに,812,2
562位,,アルケミスト,ﾁｰｽﾞﾊﾞｰｶﾞｰﾄﾙﾈｰﾄﾞ,812,1
563位,,アルケミスト,俺たち三銃士,812,0
564位,,アルケミスト,♂Experiments♀,811,3
565位,,アルケミスト,AltriaPendragon,811,0
566位,,アルケミスト,斉天大聖舎利弗,810,3
567位,,アルケミスト,言葉のサラダ,810,2
568位,,アルケミスト,ニトロンＪｒ,809,2
569位,,アルケミスト,銃かそうか？,809,2
570位,,マスケッティア,ファラオ佐々木,809,2
571位,,アルケミスト,まっさん。,808,1
572位,,アルケミスト,理研,808,0
573位,,マスケッティア,suica2,808,0
574位,,アルケミスト,ゼフィーロ係り,807,4
575位,,アルケミスト,金のくら,807,1
576位,,アルケミスト,快適エコドライブ,807,1
577位,,マスケッティア,９月のガーン,806,4
578位,,マスケッティア,髭銃士,806,1
579位,,マスケッティア,闘牛師,805,4
580位,,アルケミスト,さとうメン,805,3
581位,,アルケミスト,楼屠,805,0
582位,,アルケミスト,Exon,804,4
583位,,アルケミスト,アルケミ放置,804,3
584位,,アルケミスト,B～T,804,2
585位,,アルケミスト,クライダス,803,0
586位,,アルケミスト,Dark†Matter,802,4
587位,,マスケッティア,天津焼飯,802,4
588位,,マスケッティア,あいりすω,802,2
589位,,アルケミスト,すいふとc,797,4
590位,,アルケミスト,Pointless,795,1
591位,,アルケミスト,鎮魂術士,794,3
592位,,アルケミスト,どなーる,794,2
593位,,アルケミスト,february22,792,0
594位,,アルケミスト,クライ・グリーフ,791,1
595位,,マスケッティア,omotimotimoti,791,0
596位,,アルケミスト,支援用すんいん,790,1
597位,,マスケッティア,ジョン万次郎β,790,0
598位,,アルケミスト,EbM7add9,788,3
599位,,アルケミスト,ﾘｼｭﾘｭｰ,788,0
600位,,マスケッティア,†黒銃†,788,0
601位,,アルケミスト,ビ・ビビビーム,787,4
602位,,アルケミスト,ろんげ犬,787,0
603位,,アルケミスト,SwiftAce,787,0
604位,,マスケッティア,TedNugent,786,0
605位,,アルケミスト,肩透かし仮死マン,784,1
606位,,マスケッティア,乙人,782,1
607位,,アルケミスト,ドッカ,782,0
608位,,アルケミスト,カルティバ,779,4
609位,,アルケミスト,☆セロMS,779,3
610位,,マスケッティア,不遇のおっさん,778,0
611位,,アルケミスト,じゅるる☆,773,3
612位,,アルケミスト,暁兵士,773,0
613位,,マスケッティア,汚れた英雄,771,1
614位,,アルケミスト,☆天玖☆,770,0
615位,,アルケミスト,ハゲマイオニー,765,4
616位,,アルケミスト,ラフレーズ,765,0
617位,,マスケッティア,健太っ鍵,765,0
618位,,マスケッティア,髭ロン毛,765,0
619位,,アルケミスト,SCP049,764,1
620位,,アルケミスト,オルガマリー,763,4
621位,,アルケミスト,シキシマ,761,1
622位,,アルケミスト,びーじぇぇ,760,0
623位,,アルケミスト,☆☆ﾏﾇｹ☆☆,759,3
624位,,アルケミスト,無才,759,2
625位,,アルケミスト,tes333,758,1
626位,,アルケミスト,コナハヅキ,756,4
627位,,マスケッティア,AgenaⅤ,756,0
628位,,アルケミスト,HD103SJ,755,2
629位,,マスケッティア,什造,754,3
630位,,マスケッティア,天空上善如水0,752,0
631位,,アルケミスト,ちゃぴお,751,0
632位,,アルケミスト,腐敗医師,749,4
633位,,マスケッティア,ケミィ,749,0
634位,,アルケミスト,田島賢久,748,0
635位,,アルケミスト,Clive2,747,0
636位,,アルケミスト,†ペチカ†,746,0
637位,,マスケッティア,ψ悠矢の用心棒ψ,746,0
638位,,アルケミスト,じゃじゃんけん,744,1
639位,,アルケミスト,アルケミス㌧,744,0
640位,,アルケミスト,十千世界,741,4
641位,,マスケッティア,ウイスキー竹鶴,741,3
642位,,マスケッティア,一騎当千２,740,3
643位,,マスケッティア,ぐらお,740,2
644位,,マスケッティア,ganman,740,1
645位,,マスケッティア,K14C,740,0
646位,,アルケミスト,アルケミパク,739,4
647位,,マスケッティア,†アイフリード†,739,4
648位,,マスケッティア,ダブルフラット,738,1
649位,,アルケミスト,☆真顔のちょこ☆,737,3
650位,,マスケッティア,銃葬師,737,3
651位,,アルケミスト,マッドサイエ,737,1
652位,,アルケミスト,PaulGiraud,736,0
653位,,アルケミスト,aiueo0123,735,0
654位,,アルケミスト,花垣,734,1
655位,,マスケッティア,がんてぃる,733,4
656位,,アルケミスト,キリサキサクヤ,733,0
657位,,マスケッティア,救急絆創膏,732,4
658位,,マスケッティア,Ψ赤い騎士Ψ,732,1
659位,,アルケミスト,マルケミスト,730,3
660位,,マスケッティア,☆セロMSⅡ,729,2
661位,,アルケミスト,次元大好,729,0
662位,,アルケミスト,＋星屑＋,729,0
663位,,アルケミスト,亜益,728,0
664位,,アルケミスト,調聖,726,0
665位,,マスケッティア,ALL_FREE,726,0
666位,,マスケッティア,ﾌﾟﾚｼﾞｽﾞﾝ,726,0
667位,,マスケッティア,たぬ銃士,724,0
668位,,マスケッティア,LoCoboy,721,1
669位,,アルケミスト,ベージュbp,721,0
670位,,アルケミスト,Xrated,721,0
671位,,アルケミスト,Papas†,720,1
672位,,マスケッティア,BrandonHeath,720,1
673位,,アルケミスト,Ж睡魔Ж,719,0
674位,,マスケッティア,黒のソルド,719,0
675位,,アルケミスト,カオリのア,718,0
676位,,アルケミスト,フィラフ,717,0
677位,,アルケミスト,量産型からあげF,717,0
678位,,アルケミスト,ヘイ君_アルケミ,715,2
679位,,アルケミスト,呑ん兵衛ガンマン,715,0
680位,,アルケミスト,ｼﾘｶ♪,714,2
681位,,アルケミスト,うっちん茶,712,4
682位,,アルケミスト,ばちぇ。,712,0
683位,,マスケッティア,文鳥４,711,1
684位,,マスケッティア,アパッチⅢ,711,0
685位,,アルケミスト,炎上おじさん,710,3
686位,,アルケミスト,猫ぽん,709,3
687位,,マスケッティア,キーネストの兄,708,4
688位,,アルケミスト,マッドじじい,707,2
689位,,マスケッティア,ぱってぃーそ,707,0
690位,,マスケッティア,ψ幸夜の用心棒ψ,706,2
691位,,マスケッティア,練弾ぽちょ…雫音,705,1
692位,,マスケッティア,クリス・カイル,704,3
693位,,アルケミスト,虹色くれよん,703,1
694位,,マスケッティア,ぎゅりね,702,3
695位,,アルケミスト,くろみつのきなこ,702,0
696位,,アルケミスト,ミネラール,702,0
697位,,アルケミスト,たける＠アルケ,701,3
698位,,マスケッティア,男梅。,701,3
699位,,アルケミスト,シーベーク,701,0
700位,,マスケッティア,rinda☆,701,0
701位,,マスケッティア,酔いどれ気分,701,0
702位,,アルケミスト,ラケルス,700,1
703位,,マスケッティア,夏ﾊ股間ｶﾞ痒ｸﾅﾙ,700,1
704位,,マスケッティア,Prism☆bullet,700,1
705位,,マスケッティア,洋風おっちゃん,700,1
706位,,アルケミスト,凪－Nagi－,700,0
707位,,マスケッティア,リェン,700,0
708位,,アルケミスト,隣人MEN,699,3
709位,,アルケミスト,┠┨,699,0
710位,,アルケミスト,ヴァーリュ,698,3
711位,,マスケッティア,マスティコア,696,0
712位,,マスケッティア,かじゅや～,694,1
713位,,アルケミスト,チェーリン,693,1
714位,,アルケミスト,paradisebird,693,0
715位,,アルケミスト,ガンジャマスター,693,0
716位,,アルケミスト,宝亭とんかつ定食,692,0
717位,,アルケミスト,クライマーム,692,0
718位,,アルケミスト,ｴﾄﾞｩｱｰﾙ･ﾘｯｶｰ,691,2
719位,,アルケミスト,жﾏﾖｲж,691,0
720位,,アルケミスト,栄養ドリンク,690,4
721位,,マスケッティア,イングヴァルト♪,690,1
722位,,マスケッティア,紅のガンマン♪,690,0
723位,,アルケミスト,ペスト医師α,689,4
724位,,アルケミスト,ペインα,688,0
725位,,マスケッティア,ロックベル♪,688,0
726位,,アルケミスト,ジャポット,686,0
727位,,マスケッティア,ジュ卍,685,0
728位,,アルケミスト,ﾍﾟﾃﾙｷﾞｳｽ･ﾛﾏﾈｺﾝﾃｨ,684,3
729位,,アルケミスト,MKGunu,683,3
730位,,アルケミスト,脳漿炸裂ガール,683,0
731位,,アルケミスト,mistt,683,0
732位,,マスケッティア,JohnWayne,683,0
733位,,アルケミスト,平成ラス男,682,2
734位,,アルケミスト,サルフィ,682,0
735位,,マスケッティア,おまぬけ,682,0
736位,,マスケッティア,魔法弾丸【Ex】,681,0
737位,,マスケッティア,Mr．Musketeer,681,0
738位,,マスケッティア,傾国の銃,680,0
739位,,マスケッティア,霞月夕貴,680,0
740位,,アルケミスト,ⅹビンサマⅹ,679,1
741位,,アルケミスト,vivaro,679,0
742位,,アルケミスト,無銘の銃士ｼﾞｪｲｸ,679,0
743位,,アルケミスト,ケミの助,677,4
744位,,アルケミスト,‐黒影‐,676,4
745位,,アルケミスト,生命の追求,676,2
746位,,マスケッティア,ケニー⊿,676,1
747位,,アルケミスト,たぬ錬金術師,676,0
748位,,アルケミスト,ColtPython357,676,0
749位,,アルケミスト,フレアクルス,676,0
750位,,アルケミスト,ウイルス実験博士,675,0
751位,,アルケミスト,☆ﾎﾟﾁ,673,3
752位,,マスケッティア,KIDBLUE,673,2
753位,,マスケッティア,しりとりし,673,2
754位,,マスケッティア,BANGBANGBANG,673,0
755位,,アルケミスト,ｶｯﾌﾟﾇｰﾄﾞﾙ,672,0
756位,,アルケミスト,aru390,671,1
757位,,アルケミスト,アルダブラゾウガ,671,1
758位,,アルケミスト,Dr半漁,670,4
759位,,アルケミスト,Lover4_U,670,0
760位,,アルケミスト,くるるλ,669,0
761位,,マスケッティア,盆暮ベンサム,669,0
762位,,マスケッティア,wyatt,669,0
763位,,アルケミスト,romero7,667,0
764位,,マスケッティア,玖苧,667,0
765位,,マスケッティア,しゃちょー８,666,3
766位,,アルケミスト,むぎちゃ∨,666,0
767位,,アルケミスト,レドゥア,665,2
768位,,マスケッティア,多々伍号機,665,0
769位,,マスケッティア,ルーです,665,0
770位,,マスケッティア,サムライロック,664,4
771位,,アルケミスト,滅紫蝶,664,0
772位,,マスケッティア,ほくほくほたて,663,1
773位,,アルケミスト,花菱の花さん,661,2
774位,,マスケッティア,れちおくん,661,0
775位,,マスケッティア,茶々ちゃん,661,0
776位,,アルケミスト,ALUCH,660,4
777位,,アルケミスト,ボロボロマント,660,2
778位,,アルケミスト,火流星地,659,0
779位,,アルケミスト,η厳輝,659,0
780位,,マスケッティア,RabbitFire,659,0
781位,,マスケッティア,ディーグレイ,659,0
782位,,マスケッティア,ゴロニャン,658,0
783位,,マスケッティア,マスティア,658,0
784位,,アルケミスト,或るケミスト,656,0
785位,,アルケミスト,ホムンクルス師匠,655,0
786位,,マスケッティア,燈楕MSK,654,1
787位,,アルケミスト,アルケート,654,0
788位,,アルケミスト,arukemi00,654,0
789位,,アルケミスト,特上牛タン,653,3
790位,,アルケミスト,めろん１０,653,0
791位,,マスケッティア,☆カメロン☆,653,0
792位,,アルケミスト,アルケミちゃん,651,4
793位,,アルケミスト,SealyhamTerrier,651,3
794位,,アルケミスト,DisPoint,651,0
795位,,マスケッティア,Mistereo,650,3
796位,,アルケミスト,Macaルーン,650,2
797位,,アルケミスト,ロイケッティア,650,1
798位,,アルケミスト,BODYSHOP専用ｲﾓﾑｼ,650,1
799位,,マスケッティア,ssson,650,0
800位,,マスケッティア,††チャカ,650,0
801位,,アルケミスト,ﾏｲｹﾙﾍﾞｲ,649,1
802位,,アルケミスト,Arsonist,649,1
803位,,アルケミスト,うさ２２,649,0
804位,,マスケッティア,ビックマグナム,649,0
805位,,マスケッティア,マスケよっぴー,648,4
806位,,アルケミスト,ｱﾙﾌﾚｯﾄﾞ*ﾉｰﾍﾞﾙ,648,3
807位,,アルケミスト,海・陸,648,3
808位,,アルケミスト,！焼肉定食！,648,0
809位,,マスケッティア,ヤクザ医師,648,0
810位,,アルケミスト,内視鏡,647,2
811位,,アルケミスト,自称硬派,647,0
812位,,アルケミスト,くろいうんちでた,647,0
813位,,アルケミスト,あしゅ３,647,0
814位,,マスケッティア,ハッポウ,647,0
815位,,アルケミスト,callcallcall,646,2
816位,,マスケッティア,ｼﾞｭﾘｱｰﾉ・ｼﾞｪﾝﾏ,646,0
817位,,マスケッティア,＄リンゴ＄,646,0
818位,,アルケミスト,ぶるーぴーす！,645,1
819位,,マスケッティア,私はカモメ！,645,0
820位,,マスケッティア,セントホーリア,644,3
821位,,アルケミスト,ミ☆ジャイロ☆彡,644,0
822位,,マスケッティア,こじらせてる人,644,0
823位,,マスケッティア,Boruno_no,643,1
824位,,アルケミスト,Giver,643,0
825位,,アルケミスト,超人クラウロニ,643,0
826位,,アルケミスト,☆チャラッシュ☆,643,0
827位,,アルケミスト,†flos†,642,0
828位,,アルケミスト,Wissenschaftler,642,0
829位,,マスケッティア,理香子XXX1002,642,0
830位,,アルケミスト,BlackφJack,641,2
831位,,マスケッティア,【Ｄｅｅ】,641,2
832位,,マスケッティア,さまよい,641,1
833位,,アルケミスト,彼方にとって・・,641,0
834位,,アルケミスト,カエール18,641,0
835位,,マスケッティア,コル・シェルタン,641,0
836位,,アルケミスト,匣人形,640,4
837位,,マスケッティア,スタームルガー,640,3
838位,,アルケミスト,ﾚｲ・ｱﾙﾃﾞｨｰﾝ,640,1
839位,,アルケミスト,ﾌﾘｯｶｰ･K･翔,640,0
840位,,アルケミスト,マッドサイエンス,640,0
841位,,アルケミスト,η朋η,639,2
842位,,アルケミスト,いべり仔豚,639,1
843位,,アルケミスト,Ghast,639,0
844位,,アルケミスト,芋洗坂訓練長,639,0
845位,,アルケミスト,LifeisCool,638,2
846位,,マスケッティア,アルファクリスト,638,2
847位,,マスケッティア,ΨはやΨ,638,2
848位,,アルケミスト,ジャビル,638,1
849位,,マスケッティア,双錬猫,638,0
850位,,アルケミスト,サポーン,637,0
851位,,マスケッティア,DAIHEN,637,0
852位,,マスケッティア,ゆっす,637,0
853位,,アルケミスト,毒ハゲ,636,0
854位,,マスケッティア,さすらいの用心棒,636,0
855位,,マスケッティア,光＾＾,635,4
856位,,アルケミスト,CliffsOfDover,635,0
857位,,アルケミスト,嵐電嵯峨,634,3
858位,,マスケッティア,ジ・ランド,634,2
859位,,アルケミスト,ケンブリッジ飛鳥,634,0
860位,,マスケッティア,Death_Sauce,634,0
861位,,アルケミスト,魔砲使い,633,1
862位,,マスケッティア,わとてん,633,0
863位,,マスケッティア,花爆弾Ⅱ,633,0
864位,,マスケッティア,陽魔璃,633,0
865位,,マスケッティア,☆capella,633,0
866位,,マスケッティア,Ｇ～ＭＡＸ,633,0
867位,,アルケミスト,FoolishSage,632,3
868位,,アルケミスト,阿弖流為くん,632,0
869位,,アルケミスト,pomeo,632,0
870位,,アルケミスト,ﾀﾙｳﾞｫｽ,632,0
871位,,アルケミスト,ペべぺペべペぺべ,632,0
872位,,アルケミスト,Cablegram,631,3
873位,,アルケミスト,緋扇,631,0
874位,,アルケミスト,ﾊﾟﾄﾘｼｱ･ｵﾌﾞ･ｴﾝﾄﾞ,630,0
875位,,アルケミスト,右腕ファイヤー,630,0
876位,,マスケッティア,リドル＠,630,0
877位,,マスケッティア,まどぎわ警部,630,0
878位,,マスケッティア,赤ゴリラ,628,4
879位,,アルケミスト,sugolas,628,1
880位,,アルケミスト,D・チャッカン,628,0
881位,,マスケッティア,ワイアットアープ,628,0
882位,,マスケッティア,リボルバ一ドラゴ,628,0
883位,,アルケミスト,転転13,627,1
884位,,アルケミスト,My_plague,626,0
885位,,マスケッティア,BulletRide,626,0
886位,,マスケッティア,rited,625,3
887位,,マスケッティア,＜オルドビス＞,625,2
888位,,アルケミスト,奴隷商人。,625,0
889位,,マスケッティア,georgia88,625,0
890位,,マスケッティア,カプカプMS,624,3
891位,,マスケッティア,ますけたろ,624,0
892位,,マスケッティア,☆ジュリアーノ☆,623,4
893位,,アルケミスト,Lostforest,623,3
894位,,アルケミスト,ただの英雄,622,4
895位,,アルケミスト,スカートめくり,622,2
896位,,アルケミスト,VoodooChild♪,622,0
897位,,アルケミスト,アクアテラΩ,622,0
898位,,マスケッティア,優しい殺し屋,622,0
899位,,マスケッティア,がんぎぶそん,621,0
900位,,アルケミスト,夢の鉄砲使い,620,3
901位,,アルケミスト,FiveHundred,620,3
902位,,アルケミスト,ひげおじ,620,2
903位,,アルケミスト,華撫姫,620,0
904位,,マスケッティア,CLOUDY☆HEART,619,0
905位,,マスケッティア,渋めのおじさん,618,1
906位,,マスケッティア,Humpty_Dumpty_,618,1
907位,,アルケミスト,ボルジア家の毒薬,618,0
908位,,アルケミスト,ケレスト,618,0
909位,,アルケミスト,前前前世,617,2
910位,,アルケミスト,boyle,617,2
911位,,アルケミスト,稲作,616,1
912位,,アルケミスト,年末セール,616,0
913位,,アルケミスト,山下次郎,616,0
914位,,マスケッティア,新ひげぞう,616,0
915位,,マスケッティア,おんみょうだんを,616,0
916位,,アルケミスト,kazzyⅦ,615,3
917位,,アルケミスト,ないんてーる,615,3
918位,,マスケッティア,ドードードー,615,1
919位,,アルケミスト,カラスの目みたい,615,0
920位,,アルケミスト,遊魚,615,0
921位,,マスケッティア,2003MS,615,0
922位,,アルケミスト,カミオンつぶ子,614,3
923位,,マスケッティア,ＢＡＢＹＬＯＮ♪,614,1
924位,,アルケミスト,イソッチ,614,0
925位,,マスケッティア,atamante,614,0
926位,,マスケッティア,アルル・ブラスタ,613,3
927位,,マスケッティア,ワルサ－Ｐ３８,613,0
928位,,アルケミスト,uzura_ryu,612,0
929位,,アルケミスト,錬金術師おふう,611,4
930位,,アルケミスト,ブレフェルト,611,0
931位,,マスケッティア,カルハーン,611,0
932位,,マスケッティア,猫のライム,611,0
933位,,アルケミスト,ミソシン,610,3
934位,,マスケッティア,コルスコルピオ,610,2
935位,,アルケミスト,PaiNKiller_Nx,609,4
936位,,アルケミスト,マサリー・スー,609,3
937位,,マスケッティア,黄道（おうし）,609,0
938位,,アルケミスト,∽虚弱体質∽,608,3
939位,,マスケッティア,mennobita,608,2
940位,,アルケミスト,マークスカイ,608,0
941位,,マスケッティア,歴史的和解,608,0
942位,,マスケッティア,ⅩシュウⅩ,608,0
943位,,マスケッティア,おさかな超天国,608,0
944位,,アルケミスト,科学者アート,607,0
945位,,マスケッティア,アルケ・マスケト,607,0
946位,,アルケミスト,股間をさわ♂おす,606,3
947位,,マスケッティア,セイントクリスト,606,2
948位,,マスケッティア,ジェロニモノ,606,0
949位,,アルケミスト,オクトー,605,1
950位,,アルケミスト,見た目がやばい,605,0
951位,,アルケミスト,悪徳露店商,604,4
952位,,アルケミスト,今夜はステーキ,603,4
953位,,マスケッティア,∮とまとちぃ～∮,603,4
954位,,マスケッティア,ｘヨシュアｘ,603,4
955位,,アルケミスト,まるもち,603,2
956位,,アルケミスト,ナイサテモ,603,1
957位,,アルケミスト,アル毛ミスト,603,1
958位,,アルケミスト,イグ穴,603,0
959位,,アルケミスト,煌け！黒ﾀﾝﾘｽﾞﾑ♪,603,0
960位,,アルケミスト,ｸｾﾙｸｽｽ,603,0
961位,,マスケッティア,ALK48,603,0
962位,,アルケミスト,殺無生,602,3
963位,,マスケッティア,行者大蒜,602,2
964位,,マスケッティア,アルルッカバー,602,1
965位,,アルケミスト,スウィフトマン,602,0
966位,,アルケミスト,メリコミ弾球,602,0
967位,,アルケミスト,ほげらっちょ,601,3
968位,,アルケミスト,Liａnne,601,3
969位,,マスケッティア,鎮魂死,601,3
970位,,マスケッティア,ガンナーOP,601,1
971位,,アルケミスト,最近の細菌,601,0
972位,,アルケミスト,粒ラーマン,601,0
973位,,アルケミスト,ヴぇねったまん,601,0
974位,,アルケミスト,テルグリド,601,0
975位,,マスケッティア,アクアブラック,601,0
976位,,マスケッティア,そりりんでした,601,0
977位,,マスケッティア,ﾏﾄﾞﾘｰﾄﾞ,601,0
978位,,マスケッティア,春寒蘭,600,2
979位,,アルケミスト,あるける～ん,600,0
980位,,マスケッティア,銃撃機動隊,600,0
981位,,マスケッティア,君にロックオン☆,600,0
982位,,アルケミスト,hak7a3tex,598,2
983位,,アルケミスト,アケト,598,1
984位,,アルケミスト,☆くるみさん☆,598,0
985位,,アルケミスト,ﾒﾃﾞｨｺ･ﾃﾞｯﾗ･ﾍﾟｽﾃ,598,0
986位,,アルケミスト,QualityJob,597,0
987位,,アルケミスト,アルケイ,597,0
988位,,アルケミスト,サミディスト,597,0
989位,,アルケミスト,むっちりグミ,597,0
990位,,マスケッティア,まっくすうぇる,597,0
991位,,マスケッティア,柳生の長男,597,0
992位,,アルケミスト,碧人形,596,1
993位,,アルケミスト,シーモアグアド,596,0
994位,,アルケミスト,有栖ルイス,594,2
995位,,マスケッティア,DJいくら,594,0
996位,,マスケッティア,やさしいコク,593,1
997位,,アルケミスト,アトラス♪,592,2
998位,,マスケッティア,☆タスク☆,592,2
999位,,アルケミスト,注文の多い保安官,592,0
