1位,,武道家,アバブ,1607,5
2位,,武道家,ダブラット,1601,5
3位,,武道家,errr,1598,5
4位,,シーフ,嘉鎌,1592,5
5位,,シーフ,sideattack,1585,5
6位,,シーフ,一枚役,1581,5
7位,,武道家,ミツリン,1555,5
8位,,武道家,キングプー,1552,5
9位,,シーフ,シルフィードJr,1541,5
10位,,武道家,アルセーヌルパン,1526,5
11位,,武道家,Chiyoshi,1522,5
12位,,武道家,指関十段,1511,5
13位,,武道家,ずっさん,1497,5
14位,,シーフ,べルカンプ,1496,5
15位,,武道家,刹那のソロス,1492,5
16位,,武道家,ネコ・ジャラシ,1489,5
17位,,武道家,元団長さん,1480,5
18位,,シーフ,アルベキーナ,1462,5
19位,,シーフ,ξスロウξ,1457,5
20位,,武道家,ﾃｨﾃｨ＠,1450,5
21位,,シーフ,根津甚八β,1447,5
22位,,武道家,ユフィーナψ,1430,5
23位,,武道家,AM宣教師,1422,5
24位,,武道家,～とふとふ～,1417,5
25位,,武道家,わたんこ,1417,5
26位,,武道家,永琳丸,1415,5
27位,,武道家,山賊猫,1413,5
28位,,シーフ,黒虎ちゃん,1409,5
29位,,シーフ,怪盗かず,1409,5
30位,,武道家,Liver_Fusion,1407,5
31位,,武道家,リーア♪,1394,5
32位,,武道家,シーフ仮面,1393,5
33位,,シーフ,茶熊,1385,5
34位,,シーフ,2ndSIDE,1378,5
35位,,武道家,あぼん☆,1376,5
36位,,シーフ,TheAce,1376,5
37位,,武道家,ダンゴ虫,1369,5
38位,,シーフ,鈴木二郎,1368,5
39位,,武道家,しーたまん,1359,5
40位,,シーフ,☆ルコディオラ☆,1352,4
41位,,武道家,♪D－cyan♪,1345,5
42位,,武道家,武宮,1340,5
43位,,武道家,２式改,1330,5
44位,,シーフ,アルマーニ♪,1327,5
45位,,シーフ,ゲット万太郎,1325,5
46位,,武道家,topgear,1324,5
47位,,武道家,ﾃﾞｨｰﾝ･ｳｨﾝﾁｪｽﾀｰ,1320,5
48位,,シーフ,жＬＡＲＫж,1320,5
49位,,武道家,Luigi_Vampa,1318,5
50位,,武道家,☆サンセット☆,1307,5
51位,,武道家,弌郎,1305,5
52位,,武道家,モモ助,1301,5
53位,,武道家,マゼ,1299,5
54位,,シーフ,☆ロッキー☆,1299,5
55位,,シーフ,Hindostan,1293,5
56位,,シーフ,orslow,1290,5
57位,,武道家,狐の盗人,1288,5
58位,,武道家,じゃあ俺ｼﾌやるわ,1288,5
59位,,武道家,かささし,1287,5
60位,,武道家,さよなら列車,1286,5
61位,,武道家,ｴﾐﾘｵ･ｶﾄﾚｯﾄ,1285,5
62位,,武道家,JustKilling,1284,5
63位,,武道家,ビビィー,1282,5
64位,,武道家,臥煙,1282,5
65位,,武道家,あすみす,1280,5
66位,,武道家,虎介,1275,5
67位,,武道家,ぐうたライオン,1269,5
68位,,武道家,苑十那,1266,5
69位,,武道家,ニコ・ハン,1266,5
70位,,武道家,ＭＡＬＴＩ,1265,5
71位,,シーフ,滅華の無道,1265,5
72位,,シーフ,ゴーリキー彩芽⊿,1263,5
73位,,シーフ,野咲コウ,1261,5
74位,,シーフ,ねこみみし～ふ,1261,5
75位,,武道家,ミッドウェイ,1260,5
76位,,シーフ,１LDK,1258,5
77位,,武道家,ホワイトスターψ,1257,5
78位,,シーフ,火鍋,1257,5
79位,,武道家,☆☆昴☆☆,1256,5
80位,,武道家,うぉった,1256,5
81位,,武道家,ペペルモコ☆,1255,5
82位,,武道家,Char・Aznable,1255,5
83位,,武道家,☆みい,1254,5
84位,,武道家,ホラーズ,1254,5
85位,,シーフ,長崎奉行,1254,5
86位,,シーフ,しちゃ～☆,1253,5
87位,,武道家,まりもGXG,1251,5
88位,,武道家,ぶどーん,1251,5
89位,,シーフ,甘酒ココア,1251,5
90位,,シーフ,鼠蹊部フェチ,1250,5
91位,,武道家,西川遥輝,1242,5
92位,,シーフ,ｵｰﾙﾌﾘｰ,1240,5
93位,,シーフ,ヒママ,1233,5
94位,,シーフ,紅蓮の盗賊,1232,5
95位,,武道家,あだるとばすたー,1231,5
96位,,武道家,バコダ,1226,5
97位,,シーフ,しゃぶられ屋,1226,5
98位,,シーフ,うっきゃー,1223,5
99位,,シーフ,でしゅの,1219,5
100位,,武道家,ｲｲﾀﾞﾀﾞﾀﾞ,1208,5
101位,,武道家,マナーを守ろう。,1207,5
102位,,武道家,ｲｲﾀﾞ,1207,5
103位,,武道家,ｲｲﾀﾞﾀﾞ,1207,5
104位,,武道家,湖底,1207,5
105位,,シーフ,国土偽装,1206,5
106位,,シーフ,神の愚者,1206,5
107位,,シーフ,☆前田慶次☆,1206,5
108位,,シーフ,Garms,1202,5
109位,,武道家,シン・アスカ。,1197,5
110位,,シーフ,螺旋の階段,1194,5
111位,,シーフ,GOD_GAME,1193,5
112位,,シーフ,投げﾀﾞｰｸGS,1192,5
113位,,武道家,rainiersecond,1185,5
114位,,武道家,☆ﾌﾞﾗｯｸ・ﾏｽｶｯﾄ☆,1182,5
115位,,シーフ,KevinLyttle,1180,5
116位,,武道家,ＢｌｕｒＤｒagon,1174,5
117位,,武道家,紫水丸,1171,5
118位,,シーフ,シルバータイガー,1167,5
119位,,武道家,タンクトップくん,1164,5
120位,,武道家,シューベルト☆,1162,5
121位,,武道家,呉モヨ子,1161,5
122位,,シーフ,ケツキック,1155,5
123位,,シーフ,のび太改,1151,5
124位,,シーフ,￥らっきー￥,1148,5
125位,,武道家,かいすい師匠,1147,5
126位,,武道家,ぽてちマスター☆,1144,5
127位,,シーフ,ﾁﾝﾔﾏ,1144,5
128位,,武道家,神速破壊,1142,5
129位,,武道家,星皇,1138,5
130位,,武道家,もにゃお,1135,5
131位,,武道家,セレディス,1135,5
132位,,シーフ,ｻﾜｵｽ・∀・）,1132,5
133位,,武道家,SCHLS,1131,5
134位,,武道家,きゃんだ,1131,5
135位,,武道家,T4Ku,1128,5
136位,,武道家,GLANDBLUE,1126,5
137位,,シーフ,ルフくん,1126,5
138位,,シーフ,鬼太郎。,1124,5
139位,,武道家,小麥,1119,5
140位,,武道家,火曜の夜9時,1119,5
141位,,武道家,よねっぴ,1118,5
142位,,武道家,Horseman,1117,5
143位,,シーフ,紫季,1112,5
144位,,シーフ,天邪鬼→,1109,5
145位,,武道家,ﾊﾞｰﾆﾝｸﾞﾌｧｲﾀｰ,1104,5
146位,,シーフ,彩愛,1104,5
147位,,武道家,_天邪鬼_,1098,4
148位,,武道家,†Ruby,1094,5
149位,,武道家,ルミフィ,1094,5
150位,,シーフ,ultraＱ,1091,5
151位,,シーフ,§Rizz§,1091,5
152位,,武道家,ShowStopper,1089,3
153位,,シーフ,wayout,1086,5
154位,,シーフ,☆歳蔵☆,1085,5
155位,,シーフ,チェブラーシカ♪,1085,5
156位,,武道家,卍昔の忍者卍,1083,5
157位,,武道家,ベナドリル,1082,5
158位,,武道家,鷹☆閃光刃,1081,5
159位,,シーフ,TRFesta,1080,5
160位,,武道家,midoritaroou,1079,5
161位,,武道家,シヴ☆,1078,5
162位,,シーフ,ｷﾞｬﾝ様,1076,5
163位,,シーフ,バーサ４,1075,5
164位,,武道家,ハロ・シエーナ,1073,5
165位,,シーフ,☆ロッキー２☆,1073,5
166位,,シーフ,タイプＣ,1072,5
167位,,武道家,ろびんぐ,1069,5
168位,,シーフ,桃雅♪,1069,5
169位,,武道家,イヴァルト,1068,5
170位,,武道家,しゃしゃりら,1068,5
171位,,シーフ,☆凛歌☆,1067,5
172位,,武道家,さすらう傭兵Zin,1067,0
173位,,武道家,蒼海月,1060,5
174位,,武道家,イカぴっぴ,1060,5
175位,,武道家,ぬーにゃん,1059,5
176位,,武道家,SaGa_X,1058,5
177位,,シーフ,ﾌﾗｯｼｭﾊﾞｯｸ2012,1058,5
178位,,シーフ,アジェンダ,1058,5
179位,,武道家,タイプ１羅刹,1055,5
180位,,武道家,Specialized_,1055,5
181位,,シーフ,†Kernel†,1054,5
182位,,武道家,えどっこ大将,1053,5
183位,,武道家,フミックス,1052,5
184位,,シーフ,Farren,1052,5
185位,,武道家,ウツツ,1051,5
186位,,武道家,リットマン,1051,5
187位,,武道家,トレパソマソJr,1049,5
188位,,武道家,hama10,1046,5
189位,,武道家,ハテルマ,1043,5
190位,,武道家,Atrocitus,1042,5
191位,,シーフ,ルシウス・カイン,1042,5
192位,,武道家,Mr．AMIGO,1041,5
193位,,武道家,†☆☆剛史☆☆†,1041,5
194位,,武道家,和楽,1040,5
195位,,武道家,玄斉,1038,5
196位,,シーフ,鼠小僧,1038,5
197位,,シーフ,Urio,1038,5
198位,,武道家,正露丸糖衣A,1035,5
199位,,武道家,TenPointⅢ,1034,5
200位,,武道家,斎藤さんだぞ,1034,5
201位,,武道家,煉瓦坂,1033,5
202位,,武道家,Athleta☆彡,1032,5
203位,,武道家,角瓶,1031,5
204位,,シーフ,ラベル☆,1030,5
205位,,武道家,money_power,1029,5
206位,,シーフ,tail¨,1028,5
207位,,シーフ,Gatter,1027,5
208位,,シーフ,緋威賭,1025,5
209位,,武道家,れおうるは,1024,5
210位,,シーフ,まんまるどろっぷ,1023,5
211位,,武道家,†黒き雷光†,1022,5
212位,,武道家,YLsaru,1022,5
213位,,武道家,ｋｏｊｉ,1021,5
214位,,シーフ,祥雲王Ⅰ,1021,5
215位,,シーフ,Hypotension_MA,1020,5
216位,,武道家,†風助†,1019,5
217位,,武道家,ごきげんぱんだ,1019,5
218位,,武道家,††飛影††,1018,5
219位,,シーフ,ナッｼｭ王子,1017,5
220位,,武道家,RScruel,1016,5
221位,,武道家,ЯZETAR,1016,5
222位,,シーフ,Crazy☆rabbit,1016,5
223位,,シーフ,SNOOOOPY,1016,5
224位,,武道家,やすたん,1015,5
225位,,武道家,黒飛∞,1015,5
226位,,シーフ,緋色の影,1014,1
227位,,武道家,小松菜奈＿,1013,5
228位,,武道家,大人のﾈﾙﾈﾙﾈﾙﾈ,1012,5
229位,,武道家,ちぇりざす,1012,5
230位,,シーフ,the_loner,1012,5
231位,,武道家,りとるきっく,1011,5
232位,,武道家,adswtp,1011,5
233位,,武道家,tabashibu,1011,5
234位,,シーフ,にゃんめる,1011,5
235位,,シーフ,ψ優ちゃんψ,1011,5
236位,,武道家,KreuzWahrheit,1010,5
237位,,武道家,キャップコーン,1010,5
238位,,シーフ,Windfire,1010,5
239位,,シーフ,ケツァルトル,1010,5
240位,,シーフ,Kate_Spade,1010,5
241位,,武道家,Ａｎｔｅｃ,1009,5
242位,,武道家,項翼,1009,5
243位,,武道家,高速連打,1009,5
244位,,シーフ,黒豹眼,1009,5
245位,,シーフ,zyanku,1009,5
246位,,武道家,Every6,1008,5
247位,,武道家,米ックス2世,1008,5
248位,,シーフ,天穿,1008,5
249位,,武道家,☆ギュスターヴ☆,1007,5
250位,,武道家,ひりゅん,1007,5
251位,,シーフ,makafee444,1007,5
252位,,武道家,惣闇,1006,5
253位,,シーフ,SugarFree,1004,5
254位,,シーフ,ブラウンロブスタ,1004,5
255位,,シーフ,birbin,1004,5
256位,,シーフ,梅ちゃん。,1004,5
257位,,シーフ,タングステン電極,1004,0
258位,,武道家,どん肌,1003,5
259位,,武道家,ｶﾗｱｹﾞonﾏｽﾀｰﾄﾞ,1003,5
260位,,シーフ,焼鮭ほぐし,1003,5
261位,,武道家,アル～☆,1002,5
262位,,武道家,nyakki,1002,5
263位,,武道家,チェスウィーール,1002,5
264位,,シーフ,奥州☆筆頭,1002,5
265位,,シーフ,Brian_Voss,1002,0
266位,,武道家,墓標,1001,5
267位,,武道家,怪盗多摩男くん,1001,5
268位,,シーフ,旋烈陣,1001,5
269位,,シーフ,DingPot,1001,4
270位,,武道家,ｼﾞｬｯｸ・ﾊﾞｳﾜー,1000,5
271位,,武道家,韋駄天☆やままる,1000,5
272位,,武道家,ﾗｲﾝﾊﾙﾄ・ﾊｲﾄﾞﾘﾋ,1000,5
273位,,武道家,十両,1000,5
274位,,武道家,餅食う貝,1000,5
275位,,武道家,fang0226,1000,5
276位,,武道家,ミツマメ,1000,5
277位,,武道家,Х操Х,996,5
278位,,武道家,ナッカム,996,5
279位,,武道家,parin777,996,5
280位,,武道家,ψGasparψ,994,5
281位,,武道家,綾疾風,994,5
282位,,武道家,テムズ川,994,5
283位,,武道家,あばぶん,993,5
284位,,武道家,ピーマン肉巻き,993,5
285位,,武道家,blakmonburan,993,5
286位,,武道家,シ☆バン！！,992,5
287位,,武道家,anan417,992,5
288位,,武道家,Starfy,992,5
289位,,シーフ,かささし。,992,5
290位,,シーフ,魔裟騎,992,5
291位,,武道家,ｱﾗﾌｫｰ,991,5
292位,,武道家,ミサキ☆彡,990,5
293位,,武道家,覇鏖,990,5
294位,,武道家,ぶどぺっと,990,5
295位,,武道家,ろばエモン,990,5
296位,,シーフ,白織,990,5
297位,,シーフ,Byiaf,989,5
298位,,武道家,ヘルウェイツ9,989,0
299位,,武道家,はやて☆,988,5
300位,,シーフ,栗式次郎,987,5
301位,,武道家,杉沢村,986,5
302位,,シーフ,シュウタ☆,986,5
303位,,武道家,アイン・グラム,985,5
304位,,シーフ,ミッシング。,985,5
305位,,武道家,Rebolt,984,5
306位,,武道家,セロリφ,984,5
307位,,シーフ,阿須ー,984,5
308位,,シーフ,地下に駆ける,984,5
309位,,シーフ,まっしゅん,983,5
310位,,シーフ,サィーフ,982,5
311位,,シーフ,junkarin,981,5
312位,,シーフ,いじゅ♂,981,5
313位,,シーフ,輝く世界の魔法,981,5
314位,,武道家,蹴りデン,980,5
315位,,武道家,KnifeEdge,980,4
316位,,武道家,Ｍｒ．２１,979,5
317位,,シーフ,マーシャルＡ,979,5
318位,,武道家,pulse00,978,5
319位,,武道家,五味,978,5
320位,,武道家,オリオンスター,977,5
321位,,シーフ,☆爆苦蓮亡世☆,977,5
322位,,シーフ,ＰＨＹＬＬＯ,977,5
323位,,シーフ,破幻の瞳☆朧,977,4
324位,,武道家,栗ノ従士,976,5
325位,,武道家,ブドウＧさん,976,5
326位,,武道家,なおみんみん,976,5
327位,,武道家,ぎつ影,975,5
328位,,武道家,ケイレス,975,5
329位,,シーフ,シャドウ・レイ,975,5
330位,,武道家,しゃんぷーまん,975,4
331位,,武道家,（・Ω・）ｼ☆ﾊﾞﾝ,974,5
332位,,シーフ,ぽこた店長,974,5
333位,,シーフ,☆アウイナイト,974,5
334位,,武道家,ソ〜ソ〜,973,5
335位,,武道家,Dean,973,5
336位,,武道家,gacchans,973,5
337位,,武道家,ロバート・デニ色,972,5
338位,,武道家,クラーウィス,972,5
339位,,シーフ,ｽﾞｯｸﾝﾙｰｼﾞｭ,972,5
340位,,武道家,ノシロテ,971,5
341位,,武道家,皆神さくや,971,5
342位,,シーフ,serts,971,5
343位,,シーフ,崇ノ丸,971,5
344位,,武道家,光明くん,970,5
345位,,シーフ,＠ショコラ＠,970,5
346位,,シーフ,fumiRSRxxx,970,5
347位,,シーフ,ボヤッキ〜※,970,5
348位,,武道家,黄紫水仙,970,0
349位,,シーフ,kp61,969,5
350位,,シーフ,しゅう君。,969,5
351位,,武道家,Yoshi☆彡輝,968,5
352位,,シーフ,青光龍,968,5
353位,,武道家,ﾎﾞﾝﾄﾞ,967,5
354位,,武道家,御暇氏,967,5
355位,,武道家,ノラガミ,967,5
356位,,シーフ,☆剛史☆,967,5
357位,,武道家,♂ｼﾌｸﾝ♂,966,5
358位,,武道家,ＡＬＬＩＮＯＮＥ,966,5
359位,,武道家,贅沢食感ころろ,966,5
360位,,武道家,鈍べい,966,5
361位,,武道家,SpaceMonkey_FC,966,5
362位,,武道家,kanataka,965,5
363位,,武道家,瞬殺の鬼,965,5
364位,,シーフ,内助の功,965,5
365位,,シーフ,怪盗キッド。,965,5
366位,,武道家,yohgen,964,5
367位,,武道家,クロノフェルノ,964,5
368位,,シーフ,†盗掘者†,964,5
369位,,シーフ,♪マ〜ブル。。,964,5
370位,,武道家,セネカ09,963,5
371位,,武道家,イコウゼ,963,5
372位,,シーフ,ダーク・アイ,963,5
373位,,武道家,ららお,963,3
374位,,武道家,ﾃﾞﾛﾃﾞﾛ,962,5
375位,,武道家,ケントゥリオ,962,5
376位,,武道家,斧君,962,5
377位,,武道家,狂想曲：,962,5
378位,,シーフ,“かげとら”,962,5
379位,,シーフ,☆りゅうちゃん,962,5
380位,,武道家,☆源龍☆,962,4
381位,,シーフ,†聖女之子†,961,5
382位,,武道家,ライズTor,960,5
383位,,武道家,9月の武道家,960,5
384位,,武道家,ΔファンタΔ,960,5
385位,,武道家,＠KENT,960,5
386位,,武道家,春雷‐syunrai‐,960,5
387位,,シーフ,天草五郎,960,5
388位,,シーフ,partridge,960,5
389位,,武道家,ウンダマン,960,3
390位,,シーフ,駿河の疾風,959,5
391位,,武道家,マスカット！,958,5
392位,,武道家,鳥啼き魚,958,5
393位,,シーフ,エコ坊主,958,5
394位,,シーフ,コスモスの門徒,958,5
395位,,武道家,＊やっちやん＊,957,5
396位,,武道家,どらぽんブログ,957,5
397位,,武道家,Axolotl,957,5
398位,,シーフ,國野為造,957,5
399位,,シーフ,たぬ助シフ,957,5
400位,,武道家,大泥棒やっちゃん,956,5
401位,,武道家,ClintEastwood,956,5
402位,,武道家,おされ泥棒,956,5
403位,,武道家,ぽんず浩洋,956,5
404位,,シーフ,上条美琴Mk2,956,5
405位,,シーフ,たぬ助改,956,1
406位,,武道家,こそ泥やっちゃん,955,5
407位,,武道家,looxⅡ,955,5
408位,,武道家,旋烈,955,5
409位,,武道家,バクライン,954,5
410位,,武道家,☆成龍♪,954,5
411位,,武道家,sansirou,954,5
412位,,武道家,☆レティー,954,5
413位,,シーフ,ホイキ,954,5
414位,,シーフ,稲穂◇信,954,5
415位,,シーフ,жﾛﾝｷﾞﾇｽж,954,5
416位,,シーフ,TRIP☆TRAP,954,5
417位,,シーフ,箱浅蜊,954,4
418位,,武道家,＠そうのすけ,953,5
419位,,武道家,ヴェルセティ,953,5
420位,,シーフ,ダンバン,953,5
421位,,シーフ,xx大神xx,953,5
422位,,シーフ,オバ様,953,5
423位,,シーフ,ペコス,953,5
424位,,武道家,おそ松君,952,5
425位,,武道家,カノア。,952,5
426位,,武道家,男一匹,952,5
427位,,武道家,雪の白猫,952,5
428位,,シーフ,クールな甘党盗賊,952,5
429位,,シーフ,PumpkinThief,952,5
430位,,シーフ,pottar,952,5
431位,,シーフ,＄ＴＯＭＭＹ＄,952,5
432位,,シーフ,おチビの桃,952,3
433位,,武道家,青鯖最弱武神,951,5
434位,,武道家,シーフと武道と俺,951,5
435位,,武道家,ルパン７７７世,951,5
436位,,武道家,きぃ－´,951,5
437位,,武道家,hamukimi,951,5
438位,,武道家,息子ポコ,951,5
439位,,武道家,＊アキラ＊,951,5
440位,,武道家,ﾌﾞｯﾀ･ｳｫ･ﾚｰﾙ,951,5
441位,,武道家,nos2,951,5
442位,,シーフ,しふもふ3号,951,5
443位,,シーフ,ヤンシシ,951,5
444位,,シーフ,yutaさん,951,5
445位,,シーフ,～§衣§～,951,5
446位,,武道家,鳴神・壱番,951,4
447位,,武道家,笑腹亭,951,4
448位,,武道家,本業の休憩,950,5
449位,,武道家,ж秘宝ж,950,5
450位,,シーフ,ΩセブンΩ,950,5
451位,,シーフ,Diver_Down,950,5
452位,,シーフ,xセフィリアx,950,5
453位,,シーフ,がんばえー,950,5
454位,,武道家,DancingMirage,950,4
455位,,シーフ,ｼｭﾄﾚｰｾﾞﾏﾝ♪,950,3
456位,,武道家,NaoTera,949,5
457位,,シーフ,Mocomix,949,5
458位,,シーフ,Claptrap,949,5
459位,,シーフ,朔琉,949,4
460位,,シーフ,【宝】箱明太郎,949,4
461位,,武道家,島さん,948,5
462位,,武道家,かんパち,948,5
463位,,武道家,おふとぅん,948,5
464位,,武道家,生イカ王子,948,5
465位,,武道家,三陸ワカメ,948,4
466位,,武道家,ゴキブリまん,947,5
467位,,武道家,緋の騎士,947,5
468位,,武道家,ぬまえびお,947,5
469位,,武道家,☆ert☆,947,5
470位,,武道家,あおさん？,947,5
471位,,武道家,明日は頑張れる子,947,5
472位,,シーフ,☆キャット☆,947,5
473位,,シーフ,kazzyⅥ,947,5
474位,,シーフ,ЖエルЖⅣ,947,5
475位,,武道家,アロナックス,946,5
476位,,武道家,MaronGrase,946,5
477位,,武道家,力ドミュス,945,5
478位,,武道家,主夫頑張ってます,945,5
479位,,武道家,紫龍白虎,945,5
480位,,武道家,the5,945,5
481位,,シーフ,遊びにマジメ,945,5
482位,,シーフ,CoolerThanMe,945,5
483位,,シーフ,†志穂†,945,5
484位,,武道家,虎來,944,5
485位,,武道家,∮村山カオル∮,944,5
486位,,武道家,☆Halfmoon☆,944,5
487位,,武道家,kumak666,944,5
488位,,武道家,Lively,944,5
489位,,武道家,☆比呂華☆,944,5
490位,,武道家,￡月時計￡,944,5
491位,,武道家,企業紳士,944,5
492位,,武道家,蘭太郎,944,5
493位,,武道家,天風雲海,944,5
494位,,武道家,とりき,944,5
495位,,シーフ,飛雷龍神,944,5
496位,,シーフ,ラステリー,944,5
497位,,シーフ,ワ・タ・ク・シ,944,5
498位,,シーフ,たぬ武道,944,0
499位,,武道家,Junior_,943,5
500位,,武道家,チヂミさん,943,5
501位,,武道家,ＡＥＲＡＳⅢ,943,5
502位,,武道家,範囲でベル,943,5
503位,,武道家,ウワウワの武道,943,5
504位,,シーフ,Hangout,943,5
505位,,シーフ,ともサン。,943,5
506位,,シーフ,zenkai弐,943,5
507位,,武道家,正拳の王,942,5
508位,,武道家,っつつつ,942,5
509位,,武道家,ミーパイ,942,5
510位,,武道家,毎日大漁,942,5
511位,,武道家,ぺれん,942,5
512位,,武道家,単戦舞,941,5
513位,,武道家,シーブズ,941,5
514位,,武道家,ボンドフォージャ,941,5
515位,,武道家,ながらサ行,941,5
516位,,武道家,バブロン,941,5
517位,,武道家,南斗DEN,941,5
518位,,武道家,夜の花見,941,5
519位,,武道家,３代目武の助,941,5
520位,,武道家,リョート・マチダ,941,5
521位,,武道家,たけみち,941,5
522位,,シーフ,弱っちぃ妖精,941,5
523位,,シーフ,バレット†,941,5
524位,,武道家,†空蓮†,941,4
525位,,武道家,Ⅹ影陣Ⅹ,940,5
526位,,武道家,シークリィル,940,5
527位,,武道家,若島Ⅱ,940,5
528位,,武道家,＠卑弥,940,5
529位,,武道家,シスマ_,940,5
530位,,武道家,甘い葡萄,940,5
531位,,武道家,チャライアン,940,5
532位,,武道家,アキラ＠,940,5
533位,,武道家,アキラ３世,940,5
534位,,シーフ,橘屋左近,940,5
535位,,シーフ,◇マティーニ◇,940,5
536位,,シーフ,クリノシューG,940,5
537位,,シーフ,Iave,940,5
538位,,シーフ,☆Sena,940,5
539位,,武道家,ジャッキーチャン,940,4
540位,,シーフ,道玄坂武蔵,940,1
541位,,武道家,☆MORGOTH,939,5
542位,,武道家,☆Duran☆,939,5
543位,,武道家,σ（´∀｀照）,939,5
544位,,シーフ,エスケイパー,939,5
545位,,シーフ,はなさか爺さん,939,5
546位,,シーフ,えちご,939,5
547位,,シーフ,満月の夕,939,5
548位,,武道家,ⅹビンスケⅹ,938,5
549位,,武道家,ｸﾞﾘｰｸﾞ・ﾄﾞﾎﾞﾙｽｷｰ,938,5
550位,,武道家,ふるっぽ,938,5
551位,,武道家,ロストマンズ,938,5
552位,,シーフ,§シーフナイト§,938,5
553位,,シーフ,ぱなぽ改,938,5
554位,,シーフ,はる麒,938,5
555位,,シーフ,ウラフザク,938,5
556位,,武道家,耳よろ仮面,937,5
557位,,武道家,カルツォーネ,937,5
558位,,武道家,ｽﾃｺﾞﾏｯｸ,937,5
559位,,武道家,マオ・ルーシェン,937,5
560位,,武道家,ﾃﾞカメロン,937,5
561位,,武道家,陰キャのくせに,937,5
562位,,武道家,グレア†,937,5
563位,,武道家,nice害☆,937,5
564位,,武道家,ぽたきち,937,5
565位,,武道家,ブルーオパール,937,5
566位,,武道家,菊もん,937,5
567位,,シーフ,ライス（雑穀）,937,5
568位,,シーフ,ロストCHERRY,937,5
569位,,シーフ,イケメン☆シーフ,937,5
570位,,武道家,かいびゃく,937,4
571位,,シーフ,ぶんちょう,937,4
572位,,武道家,猫治郎,936,5
573位,,武道家,Nana_ka,936,5
574位,,武道家,礼儀知らず,936,5
575位,,武道家,コブラン,936,5
576位,,武道家,がにょ,936,5
577位,,武道家,bub33,936,5
578位,,武道家,ヤオヒコ,936,5
579位,,シーフ,飯の倉サハラ,936,5
580位,,シーフ,栗之式部,936,5
581位,,シーフ,バーサ７,936,5
582位,,シーフ,松本無楽,936,5
583位,,シーフ,庄福,936,2
584位,,武道家,郵便太郎,935,5
585位,,武道家,thief_energy,935,5
586位,,武道家,ロワイアル,935,5
587位,,武道家,MGCC003,935,5
588位,,武道家,はおーさん,935,5
589位,,シーフ,keito・・,935,5
590位,,シーフ,ゆる☆,935,5
591位,,シーフ,けいれす,935,5
592位,,シーフ,琴ちゃ,935,5
593位,,シーフ,ﾀﾞｲﾔﾓﾝﾄﾞ☆ﾑﾗｲ,935,5
594位,,シーフ,兎にやさしく♪,935,5
595位,,武道家,Nascimento,935,4
596位,,シーフ,ムン・ジェイン,935,1
597位,,武道家,ｴﾝﾌﾞﾚﾑﾌﾞﾗｯｸ,935,0
598位,,武道家,Rio2016,934,5
599位,,武道家,元気なカエル,934,5
600位,,武道家,Ｓchafer,934,5
601位,,武道家,にゃんた。,934,5
602位,,武道家,Rosenkreuzer,934,5
603位,,武道家,日助,934,5
604位,,武道家,4bro,934,5
605位,,武道家,盗賊団頭,934,5
606位,,シーフ,ｽｲｰﾄﾅｲﾌﾏｼﾞｯｸ,934,5
607位,,シーフ,まちゅかた,934,5
608位,,シーフ,アカユラ,934,5
609位,,シーフ,全て壊すんだ,934,5
610位,,シーフ,djkou,934,5
611位,,シーフ,☆怪盗ｼﾙﾋﾞｰ☆,934,5
612位,,武道家,ロヴェ,933,5
613位,,武道家,Rapus,933,5
614位,,武道家,☆†天晴†☆,933,5
615位,,武道家,キハダマグロ,933,5
616位,,武道家,＋イセリア＋,933,5
617位,,武道家,禁止類,933,5
618位,,武道家,柳生光厳,933,5
619位,,シーフ,neo_neo,933,5
620位,,シーフ,絢爛美酒,933,5
621位,,シーフ,AC_Cobra,933,5
622位,,武道家,SENKUU,933,4
623位,,シーフ,さうき,933,4
624位,,武道家,魔乳大明神,932,5
625位,,武道家,☆MIZUHO☆,932,5
626位,,武道家,陸奥伊織,932,5
627位,,武道家,KoCoRo,932,5
628位,,武道家,神殿胡椒,932,5
629位,,武道家,＝シド＝,932,5
630位,,武道家,デルマアヌビス,932,5
631位,,シーフ,千輪菊,932,5
632位,,シーフ,うえたまん,932,5
633位,,シーフ,柳生の影武者,932,5
634位,,シーフ,朱右衛門,932,5
635位,,武道家,宝箱がほしい,932,4
636位,,武道家,こだて☆,932,4
637位,,武道家,gnnki,932,4
638位,,武道家,samehadaboy,932,2
639位,,武道家,歪無,931,5
640位,,武道家,ファルゲンマッフ,931,5
641位,,武道家,LancelotDuLac,931,5
642位,,武道家,やらまいか７,931,5
643位,,武道家,77サンセット,931,5
644位,,武道家,あらかぜ,931,5
645位,,武道家,toranosuke0,931,5
646位,,武道家,くもちん☆,931,5
647位,,武道家,涼君７,931,5
648位,,武道家,kibamaru,931,5
649位,,武道家,LEφＮ,931,5
650位,,武道家,怪人十二面相,931,5
651位,,シーフ,Griselbrand,931,5
652位,,シーフ,ビオレハマー,931,5
653位,,シーフ,みたに,931,4
654位,,シーフ,うりちゃん,931,4
655位,,シーフ,カチ盛りぷぷさま,931,3
656位,,シーフ,万枚ぷぷさま万枚,931,1
657位,,武道家,麦畑の粉,931,0
658位,,武道家,YouNoka,930,5
659位,,武道家,LURU,930,5
660位,,武道家,仮に童貞だとする,930,5
661位,,武道家,にんにく醤油,930,5
662位,,武道家,_はたけカカシ_,930,5
663位,,武道家,じにぃＲＸ,930,5
664位,,武道家,ろくしたん,930,5
665位,,武道家,pmam03,930,5
666位,,武道家,☆コキュートス☆,930,5
667位,,武道家,大きな赤ちゃん,930,5
668位,,武道家,雷電ー零,930,5
669位,,武道家,†鎧袖一触†,930,5
670位,,武道家,かおちゃマン♪,930,5
671位,,武道家,プリン社長,930,5
672位,,シーフ,ヤワッチイ奴,930,5
673位,,シーフ,がうる♪,930,5
674位,,シーフ,Eltrinde,930,5
675位,,シーフ,RamsBottom,930,5
676位,,シーフ,せろりんね,930,5
677位,,シーフ,菊ー文字,930,5
678位,,シーフ,カンダタこぶん,930,4
679位,,シーフ,ユキポン♪,930,4
680位,,武道家,えいやぁーとぉー,930,2
681位,,シーフ,犬彦綬陀矢,930,0
682位,,武道家,達磨王子,929,5
683位,,武道家,天動３型,929,5
684位,,武道家,パロ☆,929,5
685位,,武道家,ⅹびんⅹ,929,5
686位,,武道家,≫ロイヤル≪,929,5
687位,,武道家,銀治郎,929,5
688位,,武道家,Tartine,929,5
689位,,武道家,達郎君,929,5
690位,,武道家,§暁,929,5
691位,,シーフ,ケイト・B´,929,5
692位,,シーフ,響け！黒ﾀﾝﾘｽﾞﾑ♪,929,5
693位,,シーフ,黒飛Ⅱ,929,5
694位,,シーフ,BergKatze,929,5
695位,,シーフ,＊颯＊,929,5
696位,,シーフ,。むぎちゃ,929,5
697位,,シーフ,ぎんたくん,929,5
698位,,シーフ,SaGa_V,929,5
699位,,シーフ,怪ぷぷさま盗,929,2
700位,,武道家,真夏の氷雨,928,5
701位,,武道家,21℃,928,5
702位,,武道家,ソーダ。,928,5
703位,,武道家,デスタロッサ,928,5
704位,,武道家,浮気雲,928,5
705位,,武道家,カルDX,928,5
706位,,武道家,ルゴラ,928,5
707位,,武道家,ｳﾞｧﾘｱﾝ,928,5
708位,,武道家,ＳＫＳＫＳＫ,928,5
709位,,シーフ,スサノヲ,928,5
710位,,シーフ,快楽教教主ｸﾞｳﾞｨｰ,928,5
711位,,シーフ,龍井,928,5
712位,,シーフ,弍式炎雷,928,5
713位,,シーフ,ハンズィール,928,5
714位,,シーフ,くろエリ,928,5
715位,,シーフ,Constantinvs,928,5
716位,,武道家,ノイさん,928,4
717位,,シーフ,☆☆†ﾀﾞｰｸ†☆☆,928,4
718位,,シーフ,Arrivo,928,4
719位,,武道家,shio000,927,5
720位,,武道家,わんわんこさん,927,5
721位,,武道家,ガイルi,927,5
722位,,武道家,マザーファッカ,927,5
723位,,武道家,ヘルンケルン,927,5
724位,,武道家,_夜兎_,927,5
725位,,シーフ,遥川,927,5
726位,,シーフ,よわっちいな,927,5
727位,,シーフ,元てつ,927,5
728位,,武道家,シルウィ・アレス,927,3
729位,,シーフ,tanzou,927,3
730位,,武道家,ダーク・ソウル,927,1
731位,,武道家,mon23,926,5
732位,,武道家,７式,926,5
733位,,武道家,（｀・ρ・）,926,5
734位,,武道家,椿屋の源,926,5
735位,,武道家,ｱﾚｯｸｽ・ｱｰﾑｽﾄﾛﾝｸﾞ,926,5
736位,,武道家,魂のランク,926,5
737位,,武道家,Tour_Sharan,926,5
738位,,武道家,べたぴん,926,5
739位,,武道家,吼狼,926,5
740位,,武道家,本・D,926,5
741位,,武道家,赤海老。,926,5
742位,,武道家,ぱるしぇん,926,5
743位,,シーフ,1795,926,5
744位,,シーフ,カモミールティー,926,5
745位,,シーフ,エフィレノ,926,5
746位,,シーフ,ミニロバ,926,5
747位,,シーフ,Sasimin,926,5
748位,,武道家,哩玖,926,4
749位,,武道家,武士道精神,926,4
750位,,武道家,舞☆桜,926,4
751位,,武道家,飛べ彩音,926,4
752位,,武道家,_kitosan_,926,4
753位,,シーフ,赤黄色の金木犀,926,4
754位,,武道家,黒恐妻家,926,0
755位,,シーフ,Boffina,926,0
756位,,武道家,夕日の雫,925,5
757位,,武道家,セルロア,925,5
758位,,武道家,武神の手先,925,5
759位,,武道家,ｽﾄﾗﾃﾞｨﾊﾞﾘｳｽ,925,5
760位,,武道家,†トリスタン†,925,5
761位,,武道家,まるまろ08,925,5
762位,,武道家,黒猫トマト,925,5
763位,,シーフ,kenny☆,925,5
764位,,シーフ,ねこす,925,5
765位,,シーフ,モテヲ,925,5
766位,,シーフ,SHAKEⅡ,925,5
767位,,シーフ,☆sanrise☆,925,5
768位,,武道家,ｻｰﾄｩﾙﾅｰﾘｱ,925,4
769位,,武道家,鉋切長光,925,4
770位,,シーフ,縄樹,925,4
771位,,シーフ,しふもふ,925,4
772位,,シーフ,らいとうヤ,925,4
773位,,シーフ,銀虎ST,925,4
774位,,武道家,野菜人β,925,0
775位,,シーフ,聖岳,925,0
776位,,武道家,Duterte,924,5
777位,,武道家,TubeScreamer,924,5
778位,,武道家,ガボン,924,5
779位,,武道家,がるもとサン,924,5
780位,,武道家,迷走レヒレ,924,5
781位,,武道家,ｴﾚﾒﾝﾄｳｨｻﾞｰ,924,5
782位,,武道家,Ψ次元大介Ψ,924,5
783位,,武道家,type－0,924,5
784位,,武道家,＊銀魂＊,924,5
785位,,武道家,はまじ２,924,5
786位,,武道家,Ｌ５,924,5
787位,,武道家,たーちょ,924,5
788位,,シーフ,快楽の薬密輸ｾｼ者,924,5
789位,,シーフ,カーラ・リヴァイ,924,5
790位,,シーフ,はこあけたい,924,5
791位,,シーフ,蛇鷹,924,5
792位,,シーフ,♪モモリン♪,924,5
793位,,武道家,アランドコイル,924,4
794位,,シーフ,未来五郎,924,4
795位,,シーフ,∮螺旋∮,924,3
796位,,シーフ,寛太楼,924,3
797位,,シーフ,エフフォーリア,924,0
798位,,武道家,もえたぎる熱血！,923,5
799位,,武道家,☆コーディア☆,923,5
800位,,武道家,ｶｰﾚﾙ・ｸﾘｻﾘｽ,923,5
801位,,武道家,しおかぜ,923,5
802位,,武道家,スーパーテンツク,923,5
803位,,武道家,とんかつKYK,923,5
804位,,武道家,三島ひろし,923,5
805位,,武道家,孔臻,923,5
806位,,武道家,なでしこ☆,923,5
807位,,武道家,メトホルミン,923,5
808位,,武道家,マルシブ,923,5
809位,,シーフ,m・Alzado,923,5
810位,,シーフ,華羅須,923,5
811位,,シーフ,贄神の左腕,923,5
812位,,シーフ,ｱﾝﾀﾞﾇｽ,923,5
813位,,シーフ,TigerLily314,923,5
814位,,シーフ,そりとこぶし,923,5
815位,,シーフ,メイラン＋,923,5
816位,,シーフ,LUCENTE,923,5
817位,,武道家,最果ての旅路,923,4
818位,,武道家,もぶお,923,4
819位,,シーフ,後光吉宗,923,4
820位,,シーフ,銀虎ＳＴ,923,4
821位,,シーフ,インベーダ,923,0
822位,,武道家,上弦の参・猗窩座,922,5
823位,,武道家,ロウルン,922,5
824位,,武道家,住処,922,5
825位,,武道家,抹茶クッキー,922,5
826位,,武道家,風武道家,922,5
827位,,武道家,きまぐれ猫,922,5
828位,,武道家,試作品ですねん,922,5
829位,,武道家,キリト♪♪,922,5
830位,,武道家,混沌ハムスター,922,5
831位,,武道家,toaim55,922,5
832位,,武道家,かおちゃマン。,922,5
833位,,武道家,・・銀ちゃん・・,922,5
834位,,シーフ,Martini☆,922,5
835位,,シーフ,アイセイ,922,5
836位,,シーフ,閲覧注意！,922,5
837位,,シーフ,殴リ盗人？,922,5
838位,,シーフ,xzfgew,922,5
839位,,シーフ,ﾁﾘﾁﾘ3連,922,5
840位,,シーフ,道産子３,922,5
841位,,シーフ,ﾒｲﾄﾞﾉﾐﾔｹﾞﾆｵｼｴﾃﾔﾙ,922,5
842位,,シーフ,aki71,922,5
843位,,シーフ,DANG3,922,5
844位,,シーフ,カルルン,922,5
845位,,シーフ,はんなりとうふ,922,5
846位,,武道家,裏kazzy,922,4
847位,,武道家,黒らべる,922,4
848位,,シーフ,☆ミ夢の妖精,922,4
849位,,シーフ,ﾋﾟｭｰﾋﾟｭｰﾎﾟｺﾎﾟｺ,922,4
850位,,シーフ,銀虎１１,922,4
851位,,武道家,Lycoris＿,922,3
852位,,武道家,とんずらシーフ,922,3
853位,,武道家,☆ﾏｷﾛﾝ☆,922,1
854位,,シーフ,†松寿丸†,922,1
855位,,武道家,武仂,922,0
856位,,武道家,z4ai,921,5
857位,,武道家,☆凍月,921,5
858位,,武道家,エミリオ☆,921,5
859位,,武道家,ortias,921,5
860位,,武道家,Aquamarine♪,921,5
861位,,武道家,バツ丸くん,921,5
862位,,武道家,テレキャスター,921,5
863位,,武道家,479083,921,5
864位,,武道家,異世界転生,921,5
865位,,武道家,ﾗｲｰｽﾞ,921,5
866位,,武道家,ＬＥＤライト,921,5
867位,,武道家,エコ太郎,921,5
868位,,武道家,Noｉsetune,921,5
869位,,武道家,8月32日,921,5
870位,,武道家,とまとヨーヨー,921,5
871位,,武道家,ユッティーα,921,5
872位,,武道家,しゅがーしーふ,921,5
873位,,武道家,☆エフリコキ☆,921,5
874位,,武道家,狛治,921,5
875位,,武道家,黒脚パクチー,921,5
876位,,武道家,鬼滅の拳,921,5
877位,,武道家,雪男,921,5
878位,,シーフ,vezel,921,5
879位,,武道家,ふるさと葡萄,921,4
880位,,シーフ,あういぇ！,921,4
881位,,シーフ,かんたマン,921,4
882位,,シーフ,§桜満集§,921,4
883位,,シーフ,Ｊｒ銀虎,921,3
884位,,シーフ,☆さるとび☆,921,1
885位,,シーフ,アテンダント,921,1
886位,,武道家,麦畑の粉の粉,921,0
887位,,シーフ,盗賊王ｊｏｌｊｏ,921,0
888位,,シーフ,にぃ,921,0
889位,,武道家,武力２,920,5
890位,,武道家,武力,920,5
891位,,武道家,Glastheim,920,5
892位,,武道家,地下Ａ,920,5
893位,,武道家,ルパン123世,920,5
894位,,武道家,最強の武道家JOJO,920,5
895位,,武道家,いきものがかり☆,920,5
896位,,武道家,佐藤明,920,5
897位,,武道家,羽毛の布団,920,5
898位,,武道家,マルチェロ２世,920,5
899位,,武道家,♪ruru☆,920,5
900位,,武道家,ぽん太♪,920,5
901位,,武道家,助手さん,920,5
902位,,武道家,『MYA』,920,5
903位,,シーフ,スヤロン,920,5
904位,,シーフ,∬チャッピー∬,920,5
905位,,シーフ,§ピークン§,920,5
906位,,シーフ,lonelygambler,920,5
907位,,シーフ,ネコ・マタタビ,920,5
908位,,シーフ,aircom,920,5
909位,,シーフ,いぐっちゅ,920,5
910位,,シーフ,∮ベルガモット∮,920,5
911位,,シーフ,ダウ＄,920,5
912位,,シーフ,プレストルーラー,920,5
913位,,武道家,♪てれきゃす,920,4
914位,,武道家,もぶっち,920,4
915位,,シーフ,йピカチュウй,920,4
916位,,シーフ,銀虎ｓｔ９,920,4
917位,,武道家,すごいロリコン,920,3
918位,,武道家,☆暁の雫☆,920,3
919位,,シーフ,げんちょく,920,3
920位,,シーフ,L3_VDT,920,3
921位,,武道家,☆海賊～☆,920,2
922位,,武道家,ボトムキラー,919,5
923位,,武道家,Ｋ．Ｋ．,919,5
924位,,武道家,Ｌｕｃｉｅｎ,919,5
925位,,武道家,☆可愛い武道様,919,5
926位,,武道家,令和イチロー,919,5
927位,,武道家,隆浩,919,5
928位,,武道家,マリネール６世,919,5
929位,,武道家,しふやーん,919,5
930位,,武道家,さるよし,919,5
931位,,武道家,monorogu,919,5
932位,,武道家,hirorist,919,5
933位,,武道家,あるみかん。,919,5
934位,,シーフ,徳川家康Ⅱ,919,5
935位,,シーフ,マル・ティーク,919,5
936位,,シーフ,忍者みかりん☆,919,5
937位,,シーフ,リューレン,919,5
938位,,武道家,マサマサｙ,919,3
939位,,シーフ,タッスルホフ,919,3
940位,,武道家,私の名前はおっぱ,919,2
941位,,武道家,ヴァイローチャナ,919,2
942位,,シーフ,☆ロッキー様☆,919,1
943位,,武道家,だーりん♪,919,0
944位,,シーフ,偽りの覇者,919,0
945位,,武道家,野良猫しゃみ,918,5
946位,,武道家,ぽんぽこたん,918,5
947位,,武道家,秘宝＠武道ﾋﾟｸﾐﾝ,918,5
948位,,武道家,WolfgangKrauser,918,5
949位,,武道家,秘拳しぐれ,918,5
950位,,武道家,明るい未来とは？,918,5
951位,,武道家,Quattuordecim,918,5
952位,,武道家,純度は24金,918,5
953位,,武道家,チャンプ君,918,5
954位,,武道家,BlackThunder,918,5
955位,,武道家,極限全力,918,5
956位,,武道家,picowaros,918,5
957位,,シーフ,ψジェットψ,918,5
958位,,シーフ,あきさん,918,5
959位,,シーフ,キョロちゃんDX,918,5
960位,,シーフ,タイプ蜜蜂,918,5
961位,,シーフ,えこだ島人,918,5
962位,,シーフ,ф来夢ф,918,5
963位,,シーフ,暗黒者アルデバラ,918,5
964位,,武道家,シフしげるくん,918,4
965位,,シーフ,賽の河原,918,4
966位,,シーフ,カルタナ,918,4
967位,,武道家,もう無理・・・,918,3
968位,,武道家,ﾀﾝﾄﾞﾘｰチキン,918,3
969位,,武道家,たぉくん,918,3
970位,,武道家,はこ°,918,2
971位,,武道家,ぐす武道00,918,0
972位,,武道家,きびだんこ,918,0
973位,,武道家,Evaris☆,917,5
974位,,武道家,針ねずみ☆,917,5
975位,,武道家,倒影,917,5
976位,,武道家,ネオネオ１１１０,917,5
977位,,武道家,新型コロネ,917,5
978位,,武道家,となりのコーン,917,5
979位,,武道家,銘菓襲名家,917,5
980位,,武道家,もさもさＤＸ,917,5
981位,,武道家,ゆうちゅん,917,5
982位,,武道家,parallels,917,5
983位,,武道家,hiaku,917,5
984位,,武道家,拳江門,917,5
985位,,武道家,syugosinnnnn,917,5
986位,,武道家,Pedestal,917,5
987位,,武道家,【HMB】,917,5
988位,,武道家,ルメイ☆,917,5
989位,,武道家,プロッタ,917,5
990位,,武道家,ギルヴァイス_2,917,5
991位,,武道家,とんかつマスター,917,5
992位,,シーフ,しゅんぼん,917,5
993位,,シーフ,武道プー,917,5
994位,,シーフ,ｼﾌXeus,917,5
995位,,シーフ,チョワ,917,5
996位,,シーフ,shigku,917,5
997位,,シーフ,ナイスアジチャ,917,5
998位,,シーフ,任侠ﾍﾙﾊﾟｰ,917,5
999位,,シーフ,忍極,917,5
