1位,,アルケミスト,PanoramaCraft,1452,5
2位,,アルケミスト,SweetRain,1418,5
3位,,アルケミスト,塩けんぴ,1417,5
4位,,アルケミスト,メンフクロウ,1409,5
5位,,マスケッティア,賞金太郎,1379,5
6位,,アルケミスト,の角煮,1373,5
7位,,アルケミスト,†ヘルメス†,1268,5
8位,,アルケミスト,本家あばぶん,1257,5
9位,,アルケミスト,☆IKUMI＿LOVE☆,1256,5
10位,,アルケミスト,ビッグマグナムｗ,1256,5
11位,,アルケミスト,☆ikumi_love☆,1255,5
12位,,アルケミスト,時給600円,1252,5
13位,,アルケミスト,あっる,1250,5
14位,,アルケミスト,IronFortress,1250,5
15位,,マスケッティア,近代的なsouei,1248,5
16位,,アルケミスト,しぇき,1216,5
17位,,アルケミスト,Al・In,1203,5
18位,,マスケッティア,春乃悠,1201,5
19位,,アルケミスト,明治＠水鯖,1188,5
20位,,アルケミスト,maz☆,1153,5
21位,,アルケミスト,さわ％,1131,5
22位,,マスケッティア,しゃちょー８,1131,5
23位,,アルケミスト,ありさ＠デリ,1109,5
24位,,マスケッティア,うにゃDX,1108,5
25位,,アルケミスト,sleepyhead,1107,5
26位,,アルケミスト,矛盾なマヌケ,1102,5
27位,,アルケミスト,錬金具,1102,5
28位,,アルケミスト,たぶ,1101,5
29位,,アルケミスト,ヒグマの干物,1079,5
30位,,アルケミスト,アﾉﾚケミスト,1068,5
31位,,アルケミスト,思い出InMyHead,1065,5
32位,,マスケッティア,BulletHell,1062,5
33位,,アルケミスト,１１式改,1058,4
34位,,アルケミスト,ケロリンA錠,1047,5
35位,,アルケミスト,ばっら薔薇,1036,5
36位,,アルケミスト,なそけみすと,1034,5
37位,,マスケッティア,タイプ９,1031,5
38位,,アルケミスト,†玄人＜ぷろ＞†,1021,5
39位,,アルケミスト,夜告梟,1017,5
40位,,マスケッティア,Rin次郎,1017,5
41位,,アルケミスト,Nh・Ca,1014,5
42位,,アルケミスト,ケバブくん,1013,5
43位,,アルケミスト,georgia88,1012,5
44位,,アルケミスト,夜都,1008,5
45位,,アルケミスト,猩猩亀,1008,5
46位,,アルケミスト,ﾌﾚｯｼｭﾒﾛﾝ→,1008,4
47位,,アルケミスト,錬金術師わさび,1003,5
48位,,アルケミスト,真摯な実験くん♪,1003,5
49位,,アルケミスト,Poise,1003,5
50位,,アルケミスト,グノーシア,1002,5
51位,,マスケッティア,チンカーベル,1002,5
52位,,アルケミスト,ペ～ジワン,1002,4
53位,,アルケミスト,リディマーセナス,1001,5
54位,,アルケミスト,剥けたおぬぬ,1001,4
55位,,アルケミスト,モコえもん,1000,5
56位,,アルケミスト,朝マック信者くん,1000,5
57位,,アルケミスト,あるけどーん,1000,5
58位,,アルケミスト,Rebirth,1000,5
59位,,アルケミスト,SLEEPWALK,999,1
60位,,アルケミスト,錬金術師01,997,5
61位,,アルケミスト,OscarPeterson,997,5
62位,,アルケミスト,KnockMeDown,997,5
63位,,マスケッティア,明治＠水錆,993,5
64位,,マスケッティア,火花っち,993,5
65位,,アルケミスト,僕をぶったね＞＜,988,5
66位,,マスケッティア,パンたん,985,2
67位,,アルケミスト,カルＤＸⅡ,982,5
68位,,アルケミスト,nonamealcemist,979,5
69位,,アルケミスト,Angel_Falls,978,4
70位,,アルケミスト,べほいむ,977,5
71位,,マスケッティア,fumiRST,976,5
72位,,アルケミスト,エナドリ中毒,973,4
73位,,アルケミスト,足の裏チーズ,970,5
74位,,アルケミスト,かな＝たか,970,5
75位,,アルケミスト,ろばの僕,967,5
76位,,マスケッティア,錬金魔術師,966,5
77位,,マスケッティア,Zenjubou,965,5
78位,,アルケミスト,黒門,961,5
79位,,アルケミスト,うぉんた,961,5
80位,,アルケミスト,タイカブ,960,5
81位,,マスケッティア,銃☆バン！,959,5
82位,,アルケミスト,ほーえんはいむ！,958,5
83位,,アルケミスト,村田歩兵銃,958,5
84位,,アルケミスト,霊術もどき,958,4
85位,,マスケッティア,ぽてちガンガン☆,958,2
86位,,アルケミスト,事細かに,956,5
87位,,アルケミスト,RogerBacon,955,5
88位,,アルケミスト,tou22,955,5
89位,,アルケミスト,とあけみ,955,5
90位,,アルケミスト,シヴァウィル,955,3
91位,,アルケミスト,闇†毒,954,5
92位,,アルケミスト,ほくろぽんち,953,5
93位,,アルケミスト,ゼブライカ,953,5
94位,,アルケミスト,榮林丸,953,4
95位,,アルケミスト,の貯金箱☆,953,3
96位,,アルケミスト,Ｒaymond,952,5
97位,,アルケミスト,SI（不審者）,952,5
98位,,アルケミスト,バッチマン,951,5
99位,,アルケミスト,とあるヤンガス,950,5
100位,,アルケミスト,探求心,950,5
101位,,アルケミスト,火村剣心,950,5
102位,,アルケミスト,キスカヌ,949,5
103位,,アルケミスト,禁忌kids,949,5
104位,,マスケッティア,救急絆創膏,949,4
105位,,アルケミスト,niceneet,947,5
106位,,アルケミスト,ドグ・ソルティ,947,0
107位,,アルケミスト,シザーハンｚｚｚ,946,5
108位,,アルケミスト,feuilage,945,5
109位,,アルケミスト,§ＲＥＢＥＣＣＡ,944,5
110位,,アルケミスト,☆Galileo♪,944,5
111位,,アルケミスト,ampfw,944,5
112位,,アルケミスト,奇兵0型,943,5
113位,,アルケミスト,銃撃隊班長,943,5
114位,,アルケミスト,いがらし,942,5
115位,,アルケミスト,ΘショコラΘ,942,5
116位,,アルケミスト,CHOa,942,5
117位,,マスケッティア,マスラオー,942,5
118位,,マスケッティア,獅子王子,942,5
119位,,アルケミスト,SHERBET水,941,5
120位,,アルケミスト,♭HeartBreaker♭,941,5
121位,,アルケミスト,くらみちゃん,941,5
122位,,アルケミスト,Re：誰が為の田中,941,4
123位,,アルケミスト,ｱﾙｹﾞﾝ,940,2
124位,,アルケミスト,アルケミっち,939,5
125位,,アルケミスト,熊ヒゲ先生,939,5
126位,,マスケッティア,Ｐｕｉっとな,939,5
127位,,アルケミスト,肌水しよ,938,5
128位,,アルケミスト,ジャック・ロード,937,5
129位,,アルケミスト,探究心,937,5
130位,,マスケッティア,金太ﾏｽｹｯﾄ,937,3
131位,,マスケッティア,誰が為の田中,936,5
132位,,マスケッティア,きぃ～・,936,5
133位,,マスケッティア,†遊多†,936,4
134位,,アルケミスト,SI（暗殺者）,936,0
135位,,アルケミスト,サグン２,935,5
136位,,アルケミスト,サンジョルミ,935,5
137位,,アルケミスト,イチイバルトロン,935,5
138位,,マスケッティア,＆そうのすけ,935,5
139位,,マスケッティア,クリノダンケ,935,5
140位,,アルケミスト,蛍とぶ川,934,5
141位,,アルケミスト,ラキスト・ラッソ,934,5
142位,,マスケッティア,栗之銃一,934,5
143位,,アルケミスト,ｻﾞﾙﾊﾞｰﾄﾙ,933,5
144位,,マスケッティア,栗之銃雄G,933,5
145位,,マスケッティア,ホームランダー,933,5
146位,,アルケミスト,春雨ごはん,932,5
147位,,アルケミスト,STRONGZERO,932,5
148位,,マスケッティア,クリノジロー,932,5
149位,,マスケッティア,lostmind,932,5
150位,,アルケミスト,アリスタイオス,931,5
151位,,アルケミスト,ウラケイレス,931,5
152位,,アルケミスト,へろへろぽん,931,5
153位,,アルケミスト,連勤術士,931,5
154位,,マスケッティア,Live_Wire,931,5
155位,,マスケッティア,＃そうのすけ＃,931,5
156位,,アルケミスト,ΨうずらΨ,930,5
157位,,アルケミスト,しるば～すた～,930,5
158位,,アルケミスト,科学者ろば,930,5
159位,,マスケッティア,コルト☆パイソン,930,5
160位,,マスケッティア,SaGa_M,930,5
161位,,アルケミスト,ﾏﾘﾓｯｸﾙ・ｱﾙ,930,4
162位,,アルケミスト,白米。,930,4
163位,,マスケッティア,すっぽんのこども,930,4
164位,,アルケミスト,DOMAN,929,5
165位,,アルケミスト,けみす,929,5
166位,,マスケッティア,黒うさ太郎,929,5
167位,,アルケミスト,ｺﾞｰﾙﾃﾞﾝｶﾑｲ,928,5
168位,,アルケミスト,イケおじ,928,5
169位,,アルケミスト,クリームキング,927,5
170位,,アルケミスト,柚子まっちゃ,927,5
171位,,アルケミスト,レパシー,927,5
172位,,マスケッティア,クルツ⊿,927,4
173位,,マスケッティア,肉おじ,927,0
174位,,アルケミスト,厠の錬金術師,926,5
175位,,アルケミスト,パラダイス銀魂,926,5
176位,,アルケミスト,伍萬,926,5
177位,,アルケミスト,如月咲夜,926,5
178位,,アルケミスト,ダイタクヘリオス,926,3
179位,,アルケミスト,VinsmokeYonji,926,0
180位,,アルケミスト,ともぞぅ,926,0
181位,,アルケミスト,バブロン弐号機,925,5
182位,,マスケッティア,刹那五月雨撃ち,925,5
183位,,アルケミスト,マグロの１本釣り,925,4
184位,,アルケミスト,スンイン兄貴,924,5
185位,,アルケミスト,CONDOR。,924,5
186位,,アルケミスト,オウギ,924,5
187位,,アルケミスト,Arushisu,924,5
188位,,マスケッティア,三代目バブロン,924,5
189位,,アルケミスト,aru390,924,2
190位,,アルケミスト,NIKU9,923,5
191位,,アルケミスト,焔の餡入り銘菓,923,5
192位,,アルケミスト,GGいたち,923,5
193位,,アルケミスト,Vent0,923,5
194位,,マスケッティア,花鵺,923,5
195位,,アルケミスト,StripedOwl,923,4
196位,,アルケミスト,けいぼｰ,923,4
197位,,アルケミスト,最後の羅刹,923,0
198位,,アルケミスト,colomba,923,0
199位,,アルケミスト,AMAZ０N,922,5
200位,,アルケミスト,hisuitarou,922,5
201位,,アルケミスト,貴方の心に。,922,5
202位,,アルケミスト,西人,922,5
203位,,アルケミスト,ベジタルブサン,922,5
204位,,アルケミスト,否！！！,922,5
205位,,アルケミスト,§パラケルスス§,922,5
206位,,アルケミスト,蒼き科学者,922,5
207位,,アルケミスト,まさきいぃ,922,5
208位,,マスケッティア,よもぎだんご,922,5
209位,,マスケッティア,綾暖,922,5
210位,,アルケミスト,霧雨君,922,4
211位,,マスケッティア,スクラパ,922,4
212位,,アルケミスト,やまケミ☆,922,3
213位,,アルケミスト,ｴｺｴｺｱｻﾞﾗｸ,921,5
214位,,アルケミスト,Reinhart,921,5
215位,,アルケミスト,USBポート,921,5
216位,,アルケミスト,抹茶モンブラン,921,5
217位,,アルケミスト,マスケンホーム,921,5
218位,,アルケミスト,tabama,921,5
219位,,マスケッティア,ウ～ララ～↑☆彡,921,5
220位,,マスケッティア,夕日の丘,921,5
221位,,マスケッティア,VashTheStampede,921,5
222位,,マスケッティア,かおちゃman,921,5
223位,,アルケミスト,イースター・水野,921,4
224位,,アルケミスト,takomaketarou,921,4
225位,,マスケッティア,0の丘∞の空,921,3
226位,,アルケミスト,伝説のはい丼,921,2
227位,,アルケミスト,カーラ・フォロ,921,0
228位,,アルケミスト,オルタスヤロン,920,5
229位,,アルケミスト,かおちゃまん,920,5
230位,,マスケッティア,ごみぺい,920,5
231位,,アルケミスト,鉄血にして,920,2
232位,,マスケッティア,π麒麟π,920,1
233位,,アルケミスト,SI（召喚士）,920,0
234位,,アルケミスト,びっぐさいずXL,919,5
235位,,マスケッティア,ィィ！,919,5
236位,,アルケミスト,ﾏﾅﾅｰﾝ・ﾏｸﾘｰﾙⅥ,919,4
237位,,マスケッティア,魔弾の王,919,0
238位,,アルケミスト,MercyⅢ,918,5
239位,,アルケミスト,nerigane,918,5
240位,,アルケミスト,妖術師ろば,918,5
241位,,アルケミスト,変態仮面Δ株,918,5
242位,,アルケミスト,アトムファーザー,918,0
243位,,アルケミスト,ヒステリッチ,918,0
244位,,マスケッティア,Python357,918,0
245位,,アルケミスト,マルケミスト,917,5
246位,,アルケミスト,百発零中,917,5
247位,,アルケミスト,エーピーインディ,917,5
248位,,マスケッティア,Ⅹ鴉陣Ⅹ,917,5
249位,,マスケッティア,魔弾の銃士,917,5
250位,,アルケミスト,楼屠,917,4
251位,,アルケミスト,ブラック飲めない,916,5
252位,,アルケミスト,LANTUS,916,5
253位,,マスケッティア,ジョビルボ松本,916,5
254位,,アルケミスト,パラケルススMk2,916,4
255位,,アルケミスト,12月15日生まれ,916,3
256位,,マスケッティア,魔弾の帝王,916,0
257位,,アルケミスト,有毛MISS頭,915,5
258位,,アルケミスト,最強の,915,5
259位,,アルケミスト,Llareta,915,5
260位,,アルケミスト,源清流清,915,5
261位,,アルケミスト,Tumblewind,915,5
262位,,アルケミスト,レッサーカッコ,915,4
263位,,アルケミスト,まるやか,915,0
264位,,アルケミスト,おってぃん,914,5
265位,,アルケミスト,さわやか☆,914,5
266位,,アルケミスト,まよなんろーる,914,5
267位,,アルケミスト,Chemical_Ⅹ,914,5
268位,,アルケミスト,狸だって…,914,5
269位,,アルケミスト,ふさお,914,2
270位,,アルケミスト,スキャットガン,914,2
271位,,アルケミスト,極楽亭,914,1
272位,,マスケッティア,拳銃使いだ～よ☆,914,1
273位,,アルケミスト,バングラー,913,5
274位,,アルケミスト,ビルドアップキッ,913,5
275位,,アルケミスト,ペナンガラン,913,5
276位,,アルケミスト,オリパクカムイ,913,5
277位,,マスケッティア,AIRAXEL,913,5
278位,,マスケッティア,かぷかぷG,913,5
279位,,マスケッティア,マスケおぢさん,913,4
280位,,アルケミスト,あるけっみ°,913,2
281位,,アルケミスト,黒船の塊,913,1
282位,,マスケッティア,嵐ジャスティス,913,1
283位,,アルケミスト,サンジェルマン卿,913,0
284位,,アルケミスト,旅する工房,912,5
285位,,アルケミスト,捌毒,912,5
286位,,アルケミスト,Plague_Doctor,912,5
287位,,アルケミスト,Geleerde,912,5
288位,,アルケミスト,Haber,912,5
289位,,アルケミスト,ほーえんはいむ☆,912,5
290位,,アルケミスト,dropfi,912,5
291位,,マスケッティア,†レインフォルス,912,5
292位,,マスケッティア,宮古海人,912,5
293位,,マスケッティア,銃えこだ,912,5
294位,,アルケミスト,嵐電嵯峨,911,5
295位,,アルケミスト,ⅩマニアⅩ,911,5
296位,,アルケミスト,Mayones,911,5
297位,,アルケミスト,ヨセフカの診療所,911,5
298位,,アルケミスト,繊細の魔奏者,911,5
299位,,アルケミスト,いぐある,911,5
300位,,アルケミスト,Valentino☆彡,911,5
301位,,アルケミスト,病原菌【なまら】,911,5
302位,,マスケッティア,地球をシチューに,911,5
303位,,マスケッティア,Balmuda,911,5
304位,,マスケッティア,ほれさん,911,5
305位,,マスケッティア,錬金の使徒・ジル,911,5
306位,,アルケミスト,ｱﾙｹﾐ金2022,911,4
307位,,アルケミスト,マンティーニャ,911,4
308位,,アルケミスト,ナゴ君☆,911,3
309位,,アルケミスト,ホットサンド,911,3
310位,,アルケミスト,トライガン,911,3
311位,,アルケミスト,連勤錬金,911,1
312位,,アルケミスト,ReSeptAlc,911,0
313位,,マスケッティア,うなぎﾊﾟｲVSOP,911,0
314位,,アルケミスト,00xx00,910,5
315位,,アルケミスト,ﾄﾘｽﾒｷﾞｽﾄｽ,910,5
316位,,アルケミスト,ペコミスト,910,5
317位,,マスケッティア,Deadpool,910,5
318位,,アルケミスト,VHohenheim,910,4
319位,,アルケミスト,アルケミストだ,910,3
320位,,アルケミスト,o朝焼けo,910,3
321位,,アルケミスト,chronicl,910,0
322位,,アルケミスト,†炎蓮†,910,0
323位,,アルケミスト,BumpkinTripper,910,0
324位,,マスケッティア,502_Bad_Gateway,910,0
325位,,アルケミスト,水ケミスト,909,5
326位,,アルケミスト,Xerxes_l,909,5
327位,,アルケミスト,めぞのん☆彡,909,5
328位,,アルケミスト,shinkilost,909,5
329位,,マスケッティア,射的de銘菓,909,5
330位,,マスケッティア,花岡ジッタ,909,5
331位,,アルケミスト,ψますけみすとψ,909,4
332位,,アルケミスト,べるねってぃあ,909,4
333位,,アルケミスト,作業長TAKASHI,909,3
334位,,アルケミスト,内視鏡,909,2
335位,,マスケッティア,ますけさん,909,0
336位,,アルケミスト,アルケミちゃん,908,5
337位,,アルケミスト,マルコロ・ポロロ,908,5
338位,,アルケミスト,☆ハロルド,908,5
339位,,アルケミスト,ダーシェン,908,5
340位,,アルケミスト,お茶たｎ。,908,5
341位,,アルケミスト,Gladiateur,908,5
342位,,アルケミスト,JOE（弟者）,908,5
343位,,アルケミスト,ロッシェル,908,5
344位,,アルケミスト,じゃこにぎり,908,4
345位,,マスケッティア,三ノ瀬,908,4
346位,,アルケミスト,☆ナゴ君☆,908,3
347位,,アルケミスト,Hypotension_AL,908,3
348位,,マスケッティア,芋洗坂訓練長Ω,908,1
349位,,アルケミスト,融合,908,0
350位,,アルケミスト,月夜の町ロア,908,0
351位,,マスケッティア,ゴルゴ１３１３,908,0
352位,,マスケッティア,ポール・ジロー,908,0
353位,,アルケミスト,lonelybraver,907,5
354位,,マスケッティア,禁止なんぞしるか,907,5
355位,,マスケッティア,DarylHall,907,5
356位,,マスケッティア,飛騨の貴族,907,5
357位,,アルケミスト,れおぱるど,907,4
358位,,アルケミスト,銃王,907,0
359位,,アルケミスト,oアルケo,907,0
360位,,アルケミスト,灌頂,907,0
361位,,アルケミスト,whosnow,907,0
362位,,アルケミスト,DUBU,906,5
363位,,アルケミスト,鬼に逢うては,906,5
364位,,アルケミスト,快適エコドライブ,906,5
365位,,アルケミスト,エコ＾〜＾,906,5
366位,,マスケッティア,フェムティズ,906,5
367位,,マスケッティア,琴具,906,5
368位,,アルケミスト,「・＿・」刻館,906,4
369位,,アルケミスト,☆ザコくん☆,906,3
370位,,アルケミスト,ぱらける,906,1
371位,,アルケミスト,A7075,906,0
372位,,アルケミスト,化学者,906,0
373位,,アルケミスト,ブルーソリッド,906,0
374位,,アルケミスト,ﾋﾟﾙｸﾙ65ml,905,5
375位,,アルケミスト,コロネサンデス,905,5
376位,,アルケミスト,ASUS_B550,905,5
377位,,マスケッティア,うさまるくん,905,5
378位,,アルケミスト,花譜まるか,905,4
379位,,アルケミスト,☆バース☆,905,4
380位,,アルケミスト,鹿chan,905,4
381位,,アルケミスト,たろすけ2号,905,3
382位,,アルケミスト,Alchemist。,905,3
383位,,アルケミスト,年末セール,905,2
384位,,アルケミスト,ﾋｭｰﾏﾝｴﾗｰ,905,1
385位,,アルケミスト,ラヴォルク,905,1
386位,,マスケッティア,クンタキンテ,905,1
387位,,アルケミスト,口寄せ・羅生門,905,0
388位,,マスケッティア,☆鉄砲うっちゃう,905,0
389位,,アルケミスト,ダイ☆ハード,904,5
390位,,アルケミスト,らっふぇ,904,5
391位,,マスケッティア,しょんたろ,904,5
392位,,マスケッティア,きばマスケ,904,4
393位,,アルケミスト,ハルカマン,904,3
394位,,アルケミスト,ジョンマクレーン,904,3
395位,,アルケミスト,研究師みかりん,904,3
396位,,マスケッティア,†magma_gunner†,904,3
397位,,マスケッティア,荒野のゲヤー,904,3
398位,,アルケミスト,ｼﾁﾛｳ,904,1
399位,,アルケミスト,☆あるけちゃん☆,904,0
400位,,アルケミスト,寝落ちっち,904,0
401位,,アルケミスト,†錬金†,903,5
402位,,アルケミスト,hiro095,903,5
403位,,アルケミスト,Kurz01,903,5
404位,,マスケッティア,S_erpens,903,3
405位,,アルケミスト,SCP049,903,1
406位,,アルケミスト,Evaaa,903,1
407位,,アルケミスト,レッドソリッド,903,0
408位,,アルケミスト,支援極の超,903,0
409位,,アルケミスト,ぐ〜すかぴ〜,903,0
410位,,マスケッティア,たぬ銃士,903,0
411位,,マスケッティア,薄力子,903,0
412位,,マスケッティア,紫罫,903,0
413位,,アルケミスト,暗々,902,5
414位,,アルケミスト,一騎当千†龍†,902,5
415位,,アルケミスト,Recklessfire,902,5
416位,,アルケミスト,キュー_Alchemist,902,5
417位,,アルケミスト,＜ｳﾞｧﾝ･ﾎｰｴﾝﾊｲﾑ＞,902,5
418位,,アルケミスト,ゴーレムおじさん,902,5
419位,,アルケミスト,BLUESY,902,5
420位,,アルケミスト,きりおん,902,5
421位,,アルケミスト,メロメロ2020,902,5
422位,,マスケッティア,チキンおじさん弐,902,5
423位,,マスケッティア,南雲ハジメ,902,5
424位,,マスケッティア,☆アンダーソン☆,902,5
425位,,アルケミスト,春寒蘭,902,4
426位,,アルケミスト,寒苦鳥,902,4
427位,,アルケミスト,ごみぽい,902,4
428位,,アルケミスト,雅寿賀毘郎,902,4
429位,,アルケミスト,もちけつ,902,4
430位,,アルケミスト,danｚou,902,3
431位,,アルケミスト,SOF期待の新人,902,3
432位,,アルケミスト,シュタインベルガ,902,3
433位,,アルケミスト,地図職人見習い,902,3
434位,,アルケミスト,焼鳥セット,902,2
435位,,マスケッティア,だいのすけぇ,902,2
436位,,アルケミスト,tes333,902,1
437位,,アルケミスト,水素水サーバー,902,1
438位,,アルケミスト,ﾀﾞｲｼﾞｮｰﾊﾞﾅｲ博士,902,0
439位,,アルケミスト,インデアン,902,0
440位,,アルケミスト,擲箭,902,0
441位,,マスケッティア,アイスエクレア,902,0
442位,,アルケミスト,恐怖の薬剤師,901,5
443位,,アルケミスト,表八句,901,5
444位,,マスケッティア,†魔弾の銃士†,901,5
445位,,マスケッティア,手羽から,901,5
446位,,アルケミスト,マスケマン,901,4
447位,,アルケミスト,Hanse†,901,4
448位,,アルケミスト,卍ﾑｶ着火ﾌｧｲﾔｰ卍,901,4
449位,,アルケミスト,ｷﾞﾆｱｽ･ｻﾊﾘﾝ,901,4
450位,,アルケミスト,あるちぇにー,901,4
451位,,マスケッティア,頭狙,901,4
452位,,アルケミスト,アルカラスト,901,3
453位,,アルケミスト,めらめらシナモン,901,3
454位,,マスケッティア,£Cagliostro£,901,3
455位,,アルケミスト,イケメンブルー,901,2
456位,,アルケミスト,弾切れおじさん,901,1
457位,,アルケミスト,Panettone,901,0
458位,,アルケミスト,ｶﾞｰﾐﾝ,900,5
459位,,アルケミスト,封黎,900,5
460位,,アルケミスト,パイソン。,900,5
461位,,アルケミスト,たかきち,900,5
462位,,アルケミスト,ｽﾄﾛﾍﾞﾘｰｱｲｽ,900,5
463位,,マスケッティア,ranbooru,900,5
464位,,マスケッティア,イエルヴ,900,5
465位,,マスケッティア,ﾀﾞﾝﾌﾞﾙｳｨｰﾄﾞ,900,5
466位,,マスケッティア,Ｐui博士,900,5
467位,,アルケミスト,AshgasGirasole,900,4
468位,,アルケミスト,ﾌﾙﾒﾀﾙ_ｱﾙｹﾐｽﾄ,900,4
469位,,アルケミスト,地球環境防衛隊３,900,4
470位,,アルケミスト,ｵﾘｰﾌﾞｵｲﾙどばどば,900,4
471位,,アルケミスト,LaTache,900,4
472位,,マスケッティア,撃ちたい,900,4
473位,,マスケッティア,復帰したおじいち,900,4
474位,,アルケミスト,コスミックグレー,900,3
475位,,アルケミスト,ア．ラモード,900,3
476位,,アルケミスト,むりむりにゃ,900,3
477位,,マスケッティア,GammaRay_burst,900,3
478位,,アルケミスト,ｶｰﾀﾞｼｱﾝ家の呪い,900,2
479位,,アルケミスト,みそけみ,900,1
480位,,アルケミスト,スウィフター,900,1
481位,,アルケミスト,2次元スカラー,900,0
482位,,アルケミスト,麝香鳳蝶,900,0
483位,,アルケミスト,ExplosiveDemon,900,0
484位,,マスケッティア,マ−ク2,900,0
485位,,マスケッティア,ｱﾝﾒﾙﾂﾀﾃﾀﾃ,900,0
486位,,アルケミスト,若島旦那,899,4
487位,,アルケミスト,実験No2,899,4
488位,,マスケッティア,ますちぇってぃ,899,4
489位,,マスケッティア,キズナストライク,899,4
490位,,アルケミスト,Disinfectant,899,1
491位,,アルケミスト,Tホーエンハイム,899,1
492位,,アルケミスト,すわけみ,899,0
493位,,アルケミスト,すいふと＾〜,899,0
494位,,マスケッティア,至郎田正影,898,1
495位,,マスケッティア,☆〜勇也〜☆,898,0
496位,,アルケミスト,ｳｫｯｶ･ｼﾞﾝﾗﾑ,897,4
497位,,アルケミスト,ちゅんすけ,897,4
498位,,アルケミスト,甘えん坊薬品,897,4
499位,,アルケミスト,☆ルル☆彡,897,4
500位,,マスケッティア,な…なごみん…？,897,4
501位,,アルケミスト,斉天大聖舎利弗,897,3
502位,,アルケミスト,愛してると言え,897,3
503位,,アルケミスト,Scilla,897,1
504位,,アルケミスト,ィゥ,897,1
505位,,アルケミスト,ひそやか☆,897,0
506位,,アルケミスト,MYTH＆ROID,897,0
507位,,アルケミスト,悪党の詩,897,0
508位,,アルケミスト,ダーティ・ハリー,896,4
509位,,アルケミスト,ﾌｪﾘｱｰﾉ,896,4
510位,,マスケッティア,Ｊｉｎｂｅ,896,4
511位,,マスケッティア,minjon,896,4
512位,,マスケッティア,ｴｲﾁﾜﾝ,896,4
513位,,マスケッティア,松阪牛0013,896,4
514位,,マスケッティア,まるたままる,896,4
515位,,マスケッティア,ﾁﾋﾞｼﾞｼﾞ,896,4
516位,,アルケミスト,星野☆結衣,896,3
517位,,アルケミスト,紅染もみじ,896,3
518位,,アルケミスト,ラリットルアヒャ,896,3
519位,,アルケミスト,ttam,896,3
520位,,アルケミスト,藤乃花火,896,0
521位,,アルケミスト,道仙,895,4
522位,,アルケミスト,アロマミスト,895,4
523位,,マスケッティア,鎧左近,895,4
524位,,マスケッティア,Dralm,895,4
525位,,アルケミスト,ちさ婆さん,895,3
526位,,マスケッティア,Pandemia,895,3
527位,,アルケミスト,ビンジャミン,895,0
528位,,アルケミスト,Safina,895,0
529位,,アルケミスト,Flaschenzwerg,894,4
530位,,アルケミスト,唖瑠毛味Δ,894,4
531位,,アルケミスト,SoulBurner,894,4
532位,,アルケミスト,√ハヤマ,894,4
533位,,アルケミスト,ThePython,894,3
534位,,アルケミスト,鼠田はむら,894,1
535位,,アルケミスト,流離のガンマン,894,0
536位,,アルケミスト,チューハイどう？,894,0
537位,,マスケッティア,オジ専,894,0
538位,,アルケミスト,快楽の刑＠1919分,893,4
539位,,アルケミスト,筋肉ﾑｷﾑｷﾏｯﾁｮﾏﾝ,893,4
540位,,マスケッティア,オルニス,893,4
541位,,アルケミスト,松阪牛売れてます,893,1
542位,,アルケミスト,ジョン万次郎β,893,0
543位,,アルケミスト,マサマサj,893,0
544位,,アルケミスト,ザガム,892,4
545位,,アルケミスト,パクケミスト,892,4
546位,,アルケミスト,第六節椎間板狭窄,892,4
547位,,マスケッティア,†修羅の鬼神†,892,4
548位,,アルケミスト,スウィフト便器,892,3
549位,,マスケッティア,銃士つかさちゃん,892,3
550位,,アルケミスト,ハイカイ,892,2
551位,,アルケミスト,§TonTon§,892,0
552位,,アルケミスト,タイプ♪♪,892,0
553位,,アルケミスト,ﾚｵﾅｰﾙ,892,0
554位,,アルケミスト,りけみすと,891,4
555位,,アルケミスト,アル・ラーズィー,891,4
556位,,アルケミスト,ﾏﾌﾀﾞ･ｱｯｶｰﾏﾝ,891,4
557位,,アルケミスト,†修羅の炎†,891,4
558位,,アルケミスト,ネイサン大尉,891,4
559位,,アルケミスト,ｼﾞｮﾝ･ﾌﾟﾚｽﾄﾝ,891,3
560位,,マスケッティア,ローソン銀行,891,1
561位,,アルケミスト,Rケミスト,891,0
562位,,アルケミスト,SHIGEO,890,4
563位,,アルケミスト,ψAlchemistψ,890,4
564位,,マスケッティア,ｄａｎzou,890,4
565位,,マスケッティア,穢夢,890,3
566位,,マスケッティア,ビリー・シン,890,2
567位,,アルケミスト,魔弾の錬金術師,890,1
568位,,マスケッティア,テヨ,890,0
569位,,アルケミスト,あらくれパパパヤ,889,2
570位,,アルケミスト,サーキー,889,0
571位,,アルケミスト,点蔵†crossunite,888,4
572位,,マスケッティア,Angus†Young,888,4
573位,,アルケミスト,ニトロンＪｒ,888,2
574位,,マスケッティア,ルーです,888,2
575位,,マスケッティア,珍棒,888,1
576位,,アルケミスト,青色一号,888,0
577位,,アルケミスト,せいじー,887,4
578位,,アルケミスト,メロード,887,4
579位,,アルケミスト,素敵なおじさま！,887,4
580位,,アルケミスト,ﾘﾛｲ・ｼﾞｪﾝｷﾝｽ,887,3
581位,,アルケミスト,シュロロロロ,887,3
582位,,アルケミスト,Conkeldurr,887,3
583位,,アルケミスト,Teuscher,886,4
584位,,アルケミスト,すてろいど,886,2
585位,,アルケミスト,たぬ錬金術師,886,0
586位,,アルケミスト,転寝,886,0
587位,,アルケミスト,紳士ジェシー,886,0
588位,,アルケミスト,縫金銃士,885,4
589位,,マスケッティア,ウェーイキング,885,4
590位,,アルケミスト,どなーる,885,2
591位,,アルケミスト,albie,885,1
592位,,アルケミスト,アメイジング佐藤,885,0
593位,,マスケッティア,まっちゃあじ,885,0
594位,,マスケッティア,21Guns,885,0
595位,,アルケミスト,当意即妙徒手空拳,884,4
596位,,マスケッティア,ジョー兄さん,884,4
597位,,マスケッティア,forwq,884,3
598位,,アルケミスト,すとれーじ,884,2
599位,,アルケミスト,ナマケミスト,883,4
600位,,アルケミスト,ｷﾀｶﾀﾗｰﾒﾝ,883,4
601位,,アルケミスト,BourBonBon,883,4
602位,,マスケッティア,がんまん西,883,4
603位,,マスケッティア,ぴよのすけ,883,4
604位,,マスケッティア,きよはら,883,4
605位,,アルケミスト,藥漬け公星,883,3
606位,,アルケミスト,銃舞亭,883,1
607位,,アルケミスト,薬剤師のお兄さん,883,0
608位,,アルケミスト,グリフィス～♪,883,0
609位,,マスケッティア,バ・かんちゃ,883,0
610位,,アルケミスト,RoterHase,882,4
611位,,アルケミスト,からっぽカプセル,882,4
612位,,アルケミスト,ひげおじ,882,2
613位,,マスケッティア,無鉄砲なガンマン,882,1
614位,,マスケッティア,晴銃麒,882,0
615位,,アルケミスト,平底フラスコ,881,4
616位,,マスケッティア,魁燕,881,4
617位,,アルケミスト,レドゥア,881,2
618位,,アルケミスト,B～T,881,2
619位,,アルケミスト,☆カフェチーノ☆,880,4
620位,,マスケッティア,まりぽR35,880,4
621位,,アルケミスト,HyoNさん,880,3
622位,,マスケッティア,thia0012,880,0
623位,,アルケミスト,rakio,879,4
624位,,マスケッティア,保安官☆,879,4
625位,,アルケミスト,ラヴォアジェ,879,1
626位,,アルケミスト,Phantom_Bullet,878,4
627位,,アルケミスト,PainAway,878,3
628位,,アルケミスト,オムレツオムツ,877,4
629位,,アルケミスト,あるけ1,877,4
630位,,アルケミスト,まったりしろくま,877,4
631位,,マスケッティア,サワガニ,877,4
632位,,マスケッティア,masterex,877,4
633位,,アルケミスト,けみすとりー,876,2
634位,,マスケッティア,あるけみあいす,876,0
635位,,マスケッティア,ガンナーリアド,875,4
636位,,アルケミスト,でれねこまるけ,875,3
637位,,アルケミスト,D‐Ｓtar,875,1
638位,,マスケッティア,ポリーニ250,875,0
639位,,アルケミスト,ますてぃあ,874,4
640位,,アルケミスト,さしみゼリー,874,4
641位,,アルケミスト,レオ二郎,874,3
642位,,マスケッティア,大神田グロリア,874,3
643位,,マスケッティア,Collie,874,1
644位,,アルケミスト,ますけな,873,4
645位,,アルケミスト,じゃむアル,873,4
646位,,アルケミスト,放銃太郎,872,4
647位,,アルケミスト,マヌ・ケット,872,4
648位,,マスケッティア,§最後の忍者§,872,4
649位,,マスケッティア,ウェスカ－,872,2
650位,,アルケミスト,456円,872,0
651位,,マスケッティア,ｳｨﾝﾁｪｽﾀｰ,872,0
652位,,アルケミスト,きま㌧,871,4
653位,,アルケミスト,ﾘｯﾁﾘｯﾁｴｸｽﾌﾟﾚｽ,871,4
654位,,アルケミスト,level2,871,3
655位,,マスケッティア,汚れた英雄,871,1
656位,,アルケミスト,アルニクタ,871,0
657位,,アルケミスト,嶋Pっぽいｵｯｻﾝ,870,4
658位,,アルケミスト,The_Alchemist,870,3
659位,,アルケミスト,時間の無駄,870,0
660位,,マスケッティア,§ﾌﾟﾗﾀﾈﾘｳﾑ§,869,1
661位,,アルケミスト,セラピストーン,869,0
662位,,マスケッティア,マスターどんぐり,867,4
663位,,マスケッティア,皆殺しのmelody,867,3
664位,,アルケミスト,ｴﾙﾈｽﾄ,867,2
665位,,アルケミスト,KillingTime,867,1
666位,,マスケッティア,Zabanya,867,0
667位,,アルケミスト,バタードラム,866,4
668位,,アルケミスト,天空上善如水0,866,1
669位,,アルケミスト,アルMAX,865,4
670位,,アルケミスト,ｱﾙｼｱﾝﾌﾞﾙｰ,865,4
671位,,アルケミスト,Яケミスト,865,0
672位,,マスケッティア,コンカラコンカラ,864,0
673位,,アルケミスト,†敏い改めて†,863,0
674位,,アルケミスト,∞無∞垢∞,862,4
675位,,マスケッティア,はんなり×ゆず,862,4
676位,,アルケミスト,アルミケント,862,0
677位,,アルケミスト,ちょいのみ,860,2
678位,,アルケミスト,田中研究員,860,0
679位,,アルケミスト,θＪＩＮＢＥθ,858,2
680位,,アルケミスト,いいえ、ｹﾃｨｱです,858,1
681位,,アルケミスト,コーラの研究者,858,0
682位,,マスケッティア,そうぎゃらんBAM,858,0
683位,,マスケッティア,第1十刃,857,4
684位,,アルケミスト,sinatora8,857,2
685位,,アルケミスト,lililililil,856,2
686位,,マスケッティア,Four⇔Seam,856,0
687位,,アルケミスト,Boombom,855,1
688位,,アルケミスト,CRチャッカマン,853,4
689位,,マスケッティア,ホーリークリスト,852,4
690位,,アルケミスト,お前のﾊ-ﾄにﾄﾞｷｭﾝ,852,2
691位,,アルケミスト,クライダス,852,0
692位,,アルケミスト,Gilbert,851,4
693位,,アルケミスト,フェリアルケ,850,0
694位,,アルケミスト,Singed,849,4
695位,,マスケッティア,ブレイクエイジ,849,4
696位,,アルケミスト,RobCo,848,3
697位,,マスケッティア,tyataroou,845,1
698位,,アルケミスト,ニコケミスト,844,1
699位,,アルケミスト,ﾋﾟｺﾋﾟｺﾊﾝﾏｰ☆彡,841,4
700位,,マスケッティア,とりぐらふ,841,4
701位,,アルケミスト,卍漆黒†銃撃師卍,840,0
702位,,マスケッティア,Nameless_Story,840,0
703位,,マスケッティア,がんぼ。,838,1
704位,,マスケッティア,えっぞ,838,0
705位,,アルケミスト,Micochemi,836,4
706位,,アルケミスト,Aalan,836,4
707位,,マスケッティア,リップリーⅣ,836,3
708位,,アルケミスト,ミルクチョコレー,835,1
709位,,マスケッティア,バッファロービル,834,0
710位,,アルケミスト,小池百合子,833,3
711位,,マスケッティア,義人,832,0
712位,,アルケミスト,アナリーゼ,831,0
713位,,アルケミスト,理研,828,0
714位,,マスケッティア,がんえぼ,827,0
715位,,アルケミスト,Ё。,823,4
716位,,アルケミスト,爆炎の大魔導士,820,3
717位,,アルケミスト,ワンルーム叙事詩,820,3
718位,,アルケミスト,カタカケﾌｳﾁｮｳ,818,2
719位,,マスケッティア,H月兔H,817,2
720位,,アルケミスト,ゼフィーロ係り,816,4
721位,,アルケミスト,コユキ。,816,0
722位,,マスケッティア,鉄礬柘榴石,815,4
723位,,マスケッティア,コルトSAA,814,2
724位,,アルケミスト,花は枯れ,814,0
725位,,アルケミスト,ﾁｰｽﾞﾊﾞｰｶﾞｰﾄﾙﾈｰﾄﾞ,812,1
726位,,アルケミスト,俺たち三銃士,812,0
727位,,アルケミスト,♂Experiments♀,811,3
728位,,アルケミスト,ラマト,811,2
729位,,アルケミスト,AltriaPendragon,811,0
730位,,アルケミスト,言葉のサラダ,810,2
731位,,アルケミスト,銃かそうか？,809,2
732位,,マスケッティア,ファラオ佐々木,809,2
733位,,マスケッティア,K14C,808,0
734位,,マスケッティア,suica2,808,0
735位,,アルケミスト,金のくら,807,1
736位,,マスケッティア,９月のガーン,806,4
737位,,マスケッティア,髭銃士,806,1
738位,,アルケミスト,八十華厳,806,0
739位,,マスケッティア,ＤＪポリス,805,4
740位,,マスケッティア,闘牛師,805,4
741位,,アルケミスト,さとうメン,805,3
742位,,アルケミスト,Exon,804,4
743位,,アルケミスト,アルケミ放置,804,3
744位,,アルケミスト,ちふぬ,803,0
745位,,アルケミスト,ウォロディミル,803,0
746位,,アルケミスト,Dark†Matter,802,4
747位,,マスケッティア,天津焼飯,802,4
748位,,マスケッティア,あいりすω,802,2
749位,,アルケミスト,ケミマル,802,0
750位,,アルケミスト,vivaro,800,0
751位,,アルケミスト,NPOKU,800,0
752位,,マスケッティア,みぃ☆ｄ,800,0
753位,,アルケミスト,あるけみすと。,799,1
754位,,アルケミスト,すいふとc,797,4
755位,,アルケミスト,Pointless,795,1
756位,,アルケミスト,アルゲン,795,0
757位,,アルケミスト,鎮魂術士,794,3
758位,,アルケミスト,february22,792,0
759位,,アルケミスト,クライ・グリーフ,791,1
760位,,アルケミスト,ホヅミ,790,1
761位,,アルケミスト,支援用すんいん,790,1
762位,,アルケミスト,EbM7add9,788,3
763位,,アルケミスト,ﾘｼｭﾘｭｰ,788,0
764位,,マスケッティア,†黒銃†,788,0
765位,,アルケミスト,ビ・ビビビーム,787,4
766位,,アルケミスト,ろんげ犬,787,0
767位,,アルケミスト,SwiftAce,787,0
768位,,アルケミスト,Sassou,786,0
769位,,マスケッティア,TedNugent,786,0
770位,,アルケミスト,宝亭とんかつ定食,785,0
771位,,アルケミスト,肩透かし仮死マン,784,1
772位,,アルケミスト,カルティバ,783,4
773位,,マスケッティア,乙人,782,1
774位,,アルケミスト,ドッカ,782,0
775位,,アルケミスト,☆セロMS,779,3
776位,,アルケミスト,kazzyⅦ,778,3
777位,,マスケッティア,不遇のおっさん,778,0
778位,,アルケミスト,ちゃぴお,777,0
779位,,アルケミスト,VoodooChild♪,775,0
780位,,マスケッティア,健太っ鍵,775,0
781位,,アルケミスト,ペインα,774,0
782位,,アルケミスト,じゅるる☆,773,3
783位,,アルケミスト,暁兵士,773,0
784位,,アルケミスト,ボルジア家の毒薬,770,0
785位,,アルケミスト,☆天玖☆,770,0
786位,,アルケミスト,ハゲマイオニー,765,4
787位,,アルケミスト,ラフレーズ,765,0
788位,,マスケッティア,髭ロン毛,765,0
789位,,アルケミスト,＋星屑＋,764,0
790位,,アルケミスト,オルガマリー,763,4
791位,,マスケッティア,ケミィ,763,0
792位,,アルケミスト,†ペチカ†,762,0
793位,,アルケミスト,シキシマ,761,1
794位,,アルケミスト,ベージュbp,761,0
795位,,マスケッティア,マスケッティアン,761,0
796位,,アルケミスト,びーじぇぇ,760,0
797位,,アルケミスト,☆☆ﾏﾇｹ☆☆,759,3
798位,,アルケミスト,コナハヅキ,756,4
799位,,アルケミスト,じゃじゃんけん,756,1
800位,,マスケッティア,AgenaⅤ,756,0
801位,,アルケミスト,HD103SJ,755,2
802位,,アルケミスト,ディガ・ロス,755,0
803位,,マスケッティア,什造,754,3
804位,,アルケミスト,腐敗医師,749,4
805位,,アルケミスト,田島賢久,749,0
806位,,アルケミスト,クライマーム,748,0
807位,,アルケミスト,ゴローニャ,748,0
808位,,アルケミスト,Clive2,747,0
809位,,マスケッティア,ψ悠矢の用心棒ψ,746,0
810位,,アルケミスト,アルケミス㌧,744,0
811位,,アルケミスト,PaulGiraud,743,0
812位,,アルケミスト,十千世界,741,4
813位,,マスケッティア,ウイスキー竹鶴,741,3
814位,,マスケッティア,一騎当千２,740,3
815位,,マスケッティア,ぐらお,740,2
816位,,マスケッティア,ganman,740,1
817位,,アルケミスト,☆真顔のちょこ☆,739,4
818位,,アルケミスト,アルケミパク,739,4
819位,,マスケッティア,†アイフリード†,739,4
820位,,マスケッティア,ダブルフラット,738,1
821位,,マスケッティア,銃葬師,737,3
822位,,アルケミスト,マッドサイエ,737,1
823位,,マスケッティア,さすらいの用心棒,737,0
824位,,アルケミスト,aiueo0123,735,0
825位,,アルケミスト,花垣,734,1
826位,,アルケミスト,ｱｻﾋｨｽｩﾊﾟｧﾄﾞｩﾙｧｧｲ,734,0
827位,,マスケッティア,がんてぃる,733,4
828位,,アルケミスト,キリサキサクヤ,733,0
829位,,マスケッティア,Ψ赤い騎士Ψ,732,1
830位,,アルケミスト,DualSweeper,732,0
831位,,マスケッティア,ＰＯＣＯＴＡ,730,4
832位,,マスケッティア,☆セロMSⅡ,729,2
833位,,アルケミスト,ψWisemanψ,729,0
834位,,アルケミスト,次元大好,729,0
835位,,アルケミスト,亜益,728,0
836位,,マスケッティア,黒のソルド,728,0
837位,,アルケミスト,カオリのア,727,0
838位,,アルケミスト,調聖,727,0
839位,,マスケッティア,ALL_FREE,726,0
840位,,マスケッティア,ﾌﾟﾚｼﾞｽﾞﾝ,726,0
841位,,アルケミスト,鋼の山田,724,4
842位,,マスケッティア,LoCoboy,721,1
843位,,アルケミスト,Xrated,721,0
844位,,マスケッティア,BrandonHeath,720,1
845位,,アルケミスト,Ж睡魔Ж,719,0
846位,,アルケミスト,滅紫蝶,718,0
847位,,アルケミスト,フィラフ,717,0
848位,,アルケミスト,量産型からあげF,717,0
849位,,アルケミスト,阿弖流為くん,716,0
850位,,アルケミスト,ヘイ君_アルケミ,715,2
851位,,アルケミスト,呑ん兵衛ガンマン,715,0
852位,,アルケミスト,ｼﾘｶ♪,714,2
853位,,アルケミスト,＊ハク＊,714,0
854位,,アルケミスト,くろみつのきなこ,713,0
855位,,アルケミスト,風バフあげる,712,4
856位,,アルケミスト,うっちん茶,712,4
857位,,アルケミスト,ばちぇ。,712,0
858位,,マスケッティア,文鳥４,711,1
859位,,アルケミスト,paradisebird,711,0
860位,,マスケッティア,アパッチⅢ,711,0
861位,,アルケミスト,炎上おじさん,710,3
862位,,アルケミスト,試験管ニキ,710,1
863位,,アルケミスト,猫ぽん,709,3
864位,,マスケッティア,キーネストの兄,708,4
865位,,アルケミスト,マッドじじい,707,2
866位,,マスケッティア,ぱってぃーそ,707,0
867位,,マスケッティア,ψ幸夜の用心棒ψ,706,2
868位,,マスケッティア,練弾ぽちょ…雫音,705,1
869位,,アルケミスト,無才,704,4
870位,,マスケッティア,クリス・カイル,704,3
871位,,アルケミスト,┠┨,704,0
872位,,アルケミスト,虹色くれよん,703,1
873位,,アルケミスト,粒ラーマン,703,0
874位,,マスケッティア,ｶｯﾌﾟﾇｰﾄﾞﾙ,703,0
875位,,マスケッティア,ぎゅりね,702,3
876位,,アルケミスト,ホムンクルス師匠,702,0
877位,,アルケミスト,ミネラール,702,0
878位,,アルケミスト,たける＠アルケ,701,3
879位,,マスケッティア,男梅。,701,3
880位,,アルケミスト,ドードードー,701,1
881位,,アルケミスト,紫のおっさん,701,0
882位,,アルケミスト,シーベーク,701,0
883位,,マスケッティア,rinda☆,701,0
884位,,マスケッティア,酔いどれ気分,701,0
885位,,アルケミスト,ラケルス,700,1
886位,,マスケッティア,夏ﾊ股間ｶﾞ痒ｸﾅﾙ,700,1
887位,,マスケッティア,Prism☆bullet,700,1
888位,,マスケッティア,洋風おっちゃん,700,1
889位,,アルケミスト,ハーデスＧＯ,700,0
890位,,アルケミスト,asprt,700,0
891位,,アルケミスト,凪－Nagi－,700,0
892位,,マスケッティア,リェン,700,0
893位,,アルケミスト,隣人MEN,699,3
894位,,アルケミスト,ヴァーリュ,698,3
895位,,アルケミスト,脳漿炸裂ガール,698,0
896位,,マスケッティア,マスティコア,696,0
897位,,アルケミスト,むぎちゃ∨,695,0
898位,,マスケッティア,かじゅや～,694,1
899位,,アルケミスト,チェーリン,693,1
900位,,アルケミスト,ガンジャマスター,693,0
901位,,マスケッティア,底抜け２丁拳銃,693,0
902位,,マスケッティア,ジ・ランド,692,2
903位,,マスケッティア,Boruno_no,692,1
904位,,アルケミスト,ジャポット,692,0
905位,,アルケミスト,MKGunu,691,3
906位,,アルケミスト,ｴﾄﾞｩｱｰﾙ･ﾘｯｶｰ,691,2
907位,,マスケッティア,イングヴァルト♪,690,1
908位,,マスケッティア,紅のガンマン♪,690,0
909位,,アルケミスト,ペスト医師α,689,4
910位,,アルケミスト,ﾄﾗﾃﾞｨｽｶﾝﾃｨｱ,689,1
911位,,アルケミスト,らいとうや！,689,1
912位,,マスケッティア,ロックベル♪,688,0
913位,,アルケミスト,平成ラス男,687,2
914位,,アルケミスト,ホモサピ,685,0
915位,,マスケッティア,ジュ卍,685,0
916位,,アルケミスト,ﾍﾟﾃﾙｷﾞｳｽ･ﾛﾏﾈｺﾝﾃｨ,684,3
917位,,アルケミスト,mistt,683,0
918位,,マスケッティア,JohnWayne,683,0
919位,,アルケミスト,ﾀﾊﾘｰﾙ_ｱﾙ・ｼｬｰﾑ,682,0
920位,,アルケミスト,サルフィ,682,0
921位,,マスケッティア,おまぬけ,682,0
922位,,アルケミスト,Dr_Jammy,680,0
923位,,マスケッティア,霞月夕貴,680,0
924位,,アルケミスト,火華瑠,679,0
925位,,アルケミスト,無銘の銃士ｼﾞｪｲｸ,679,0
926位,,マスケッティア,SA_12,678,0
927位,,アルケミスト,‐黒影‐,677,4
928位,,アルケミスト,ケミの助,677,4
929位,,アルケミスト,生命の追求,676,2
930位,,マスケッティア,ケニー⊿,676,1
931位,,アルケミスト,ColtPython357,676,0
932位,,アルケミスト,ウイルス実験博士,675,0
933位,,アルケミスト,☆ﾎﾟﾁ,673,3
934位,,マスケッティア,コルスコルピオ,673,2
935位,,マスケッティア,KIDBLUE,673,2
936位,,マスケッティア,しりとりし,673,2
937位,,マスケッティア,☆プラズマンｘ☆,673,0
938位,,マスケッティア,BANGBANGBANG,673,0
939位,,マスケッティア,SC_12,672,0
940位,,マスケッティア,SB_12,672,0
941位,,アルケミスト,アルダブラゾウガ,671,1
942位,,アルケミスト,Dr半漁,670,4
943位,,マスケッティア,JohnOates,670,3
944位,,アルケミスト,アルミチャン,670,0
945位,,アルケミスト,Lover4_U,670,0
946位,,アルケミスト,くろいうんちでた,669,0
947位,,アルケミスト,ハリスの旋風,669,0
948位,,マスケッティア,こじらせてる人,669,0
949位,,マスケッティア,盆暮ベンサム,669,0
950位,,マスケッティア,wyatt,669,0
951位,,アルケミスト,romero7,667,0
952位,,マスケッティア,玖苧,667,0
953位,,マスケッティア,多々伍号機,667,0
954位,,アルケミスト,ケミタン,665,0
955位,,アルケミスト,ぺーさん29,665,0
956位,,マスケッティア,サムライロック,664,4
957位,,アルケミスト,ほくほくほたて,663,1
958位,,アルケミスト,シュティス,663,0
959位,,マスケッティア,SHIMAMUSKETEER,662,1
960位,,アルケミスト,花菱の花さん,661,2
961位,,アルケミスト,或るケミスト,661,0
962位,,マスケッティア,ビックマグナム,661,0
963位,,マスケッティア,れちおくん,661,0
964位,,マスケッティア,茶々ちゃん,661,0
965位,,アルケミスト,ALUCH,660,4
966位,,アルケミスト,ボロボロマント,660,2
967位,,アルケミスト,特上牛タン,659,3
968位,,アルケミスト,アルケート,659,0
969位,,アルケミスト,火流星地,659,0
970位,,アルケミスト,η厳輝,659,0
971位,,マスケッティア,RabbitFire,659,0
972位,,マスケッティア,ディーグレイ,659,0
973位,,マスケッティア,マスティア,658,0
974位,,アルケミスト,めろん１０,656,0
975位,,マスケッティア,マスケッタン,654,4
976位,,マスケッティア,燈楕MSK,654,1
977位,,アルケミスト,arukemi00,654,0
978位,,マスケッティア,☆カメロン☆,654,0
979位,,アルケミスト,ｄanzｏu,653,0
980位,,アルケミスト,匣人形,651,4
981位,,アルケミスト,SealyhamTerrier,651,3
982位,,アルケミスト,霊界探偵冝保愛子,651,0
983位,,アルケミスト,八咫烏幹久,651,0
984位,,アルケミスト,超人クラウロニ,651,0
985位,,アルケミスト,DisPoint,651,0
986位,,アルケミスト,！焼肉定食！,651,0
987位,,マスケッティア,ワイアットアープ,651,0
988位,,マスケッティア,Mistereo,650,3
989位,,アルケミスト,Macaルーン,650,2
990位,,アルケミスト,ロイケッティア,650,1
991位,,アルケミスト,BODYSHOP専用ｲﾓﾑｼ,650,1
992位,,アルケミスト,アラン・ドラン,650,0
993位,,アルケミスト,うさ２２,650,0
994位,,マスケッティア,ssson,650,0
995位,,マスケッティア,††チャカ,650,0
996位,,アルケミスト,海・陸,649,3
997位,,アルケミスト,Arsonist,649,1
998位,,アルケミスト,ニトリン,649,0
999位,,アルケミスト,十万石大垣音頭,649,0
