1位,,闘士,BomberYeahINARI,1598,5
2位,,霊術師,neon43,1583,5
3位,,闘士,砂の果実,1566,5
4位,,闘士,ピアッツァ,1555,5
5位,,霊術師,nero＋α,1524,5
6位,,霊術師,ゆきゅ,1524,5
7位,,霊術師,きゃぴ☆,1510,5
8位,,霊術師,∬vergeofdeath∬,1490,5
9位,,霊術師,☆ネネチャン,1450,5
10位,,霊術師,南国パンサー,1439,5
11位,,霊術師,ほりれみ,1437,5
12位,,霊術師,お試しください♪,1435,5
13位,,霊術師,Woｌｌim,1428,5
14位,,霊術師,闘ソフィ闘,1428,5
15位,,霊術師,△万里花△,1417,5
16位,,霊術師,超鎌子,1404,5
17位,,闘士,和泉紗霧,1388,5
18位,,霊術師,＠つなまよ,1382,5
19位,,闘士,サタジ,1379,5
20位,,霊術師,【Verdandi】,1379,5
21位,,闘士,◇妖精◇,1374,5
22位,,霊術師,ｿﾙ・ｽﾄﾗｲﾀﾞｰ,1372,5
23位,,闘士,MahoExp,1356,5
24位,,闘士,ぽにたん,1352,3
25位,,闘士,あいどるはっちゅ,1309,5
26位,,霊術師,AbigailWilliams,1290,5
27位,,霊術師,はれいくいん,1290,5
28位,,霊術師,加茂野理緒,1273,5
29位,,霊術師,SKサン,1272,5
30位,,霊術師,Revoked,1259,5
31位,,霊術師,カーマは気まぐれ,1255,5
32位,,霊術師,おかまこ,1254,5
33位,,闘士,獣を司る死神,1253,5
34位,,霊術師,GOLDHIDE．,1251,5
35位,,霊術師,√水の月,1250,5
36位,,霊術師,Ψ榴Ψ,1250,5
37位,,霊術師,ビッグマック,1250,5
38位,,霊術師,kodomom,1228,5
39位,,霊術師,ほんげー,1221,5
40位,,霊術師,ちまたん,1221,5
41位,,霊術師,ぺぺろんち,1216,5
42位,,闘士,いのししん,1215,5
43位,,霊術師,物理でゴリゴリ,1204,5
44位,,霊術師,リーペスト,1200,5
45位,,霊術師,ニョアの七番弟子,1192,5
46位,,闘士,ハイドーモ,1190,5
47位,,霊術師,ｸﾛﾉｽﾀｼｽ,1183,5
48位,,霊術師,DX惡魔〆,1168,5
49位,,霊術師,鎌女とか怖いだろ,1160,5
50位,,霊術師,ヴィルシーナ,1153,5
51位,,闘士,△まりか△,1140,5
52位,,霊術師,＠つなもや,1134,5
53位,,闘士,青茄子ﾄﾞﾗｯｸﾞ,1130,5
54位,,闘士,あとはまかせた！,1120,5
55位,,霊術師,ナベスト,1117,5
56位,,霊術師,江楠,1110,5
57位,,闘士,☆♪nana♪☆,1102,5
58位,,霊術師,イヤダ佑,1101,5
59位,,霊術師,風おぼろ,1100,5
60位,,霊術師,ちょめや☆,1096,5
61位,,霊術師,DerTod,1089,5
62位,,霊術師,CelesChere,1089,5
63位,,霊術師,華ちゃん☆,1082,4
64位,,闘士,Zarathustra†,1080,5
65位,,霊術師,bashar10,1079,5
66位,,闘士,ミナミ♪,1077,5
67位,,闘士,孫魯班,1076,5
68位,,霊術師,ハルポン６,1074,5
69位,,闘士,☆ネネチャン☆,1068,5
70位,,闘士,鼈£ｸおやじ,1065,5
71位,,霊術師,世の中現金です,1064,5
72位,,霊術師,じゃがいも先生,1063,5
73位,,霊術師,脇腹谷毒ｶﾞｽ丸,1056,5
74位,,霊術師,Kirschtorte,1055,5
75位,,闘士,中辛ねーちゃん,1044,5
76位,,闘士,おっぱいﾎﾞｲﾝﾎﾞｲﾝ,1042,5
77位,,闘士,コムラガエリ,1041,5
78位,,霊術師,赤青珊瑚,1038,5
79位,,闘士,下半身チャラ男,1037,5
80位,,霊術師,さめ夜,1036,5
81位,,霊術師,そろもん�[,1036,5
82位,,闘士,N_ホウミュラー,1034,5
83位,,闘士,†せるてぃっく†,1031,5
84位,,霊術師,金色の嵐,1030,5
85位,,霊術師,綾瀬千早,1029,5
86位,,闘士,温帯低気圧,1028,5
87位,,霊術師,MirrorCubeSquare,1027,5
88位,,闘士,キャロリーニャ,1025,5
89位,,霊術師,トレジャハンター,1024,5
90位,,霊術師,SIGKILL,1023,5
91位,,霊術師,たまちゃんＲ,1022,5
92位,,霊術師,ダレノガレ明美,1020,5
93位,,闘士,フィンセア,1020,3
94位,,霊術師,渝渝,1018,5
95位,,霊術師,満天華,1018,5
96位,,闘士,☆sheet☆,1017,5
97位,,闘士,☆Valefor☆,1016,5
98位,,霊術師,AtelerBoz,1015,5
99位,,闘士,�当ｻ��,1014,5
100位,,闘士,Lionel・Messi,1013,5
101位,,霊術師,Librae,1010,5
102位,,霊術師,MerryHurryBerry,1009,5
103位,,闘士,僕色凍結,1008,5
104位,,闘士,MI☆RAI,1007,5
105位,,霊術師,サックリ,1007,5
106位,,闘士,サンダー龍子,1006,5
107位,,霊術師,シーフ天使,1006,5
108位,,霊術師,モトロン,1006,5
109位,,霊術師,待つ宵の空鏡,1006,5
110位,,霊術師,dkgsdht,1006,5
111位,,霊術師,▲万里花▲,1005,5
112位,,闘士,サラ・ヴィド,1004,5
113位,,闘士,紅の龍鳳,1003,5
114位,,霊術師,海賊うに姫,1003,5
115位,,闘士,月虹フリード,1003,3
116位,,闘士,秘密の金魚,1002,5
117位,,闘士,しゅがぁ,1002,5
118位,,霊術師,＊しおり＊,1001,5
119位,,霊術師,梨梨,1001,5
120位,,霊術師,あじゅきる,1001,5
121位,,霊術師,霊Lord,1001,5
122位,,霊術師,あとらん,1001,5
123位,,霊術師,焼肉バス,1001,5
124位,,霊術師,レセス,1001,1
125位,,闘士,ζScare・Crowζ,1000,5
126位,,霊術師,霊玲,1000,5
127位,,闘士,ちまっころ,998,5
128位,,霊術師,チヒロ２５４５号,994,5
129位,,霊術師,ぽにゃ娘。,994,5
130位,,闘士,セクァヌ,993,5
131位,,霊術師,†WÅDE†,991,5
132位,,闘士,カレリア・パイ♪,989,5
133位,,霊術師,ΣブッシュΣ,988,3
134位,,霊術師,リんゴ,986,5
135位,,闘士,エチャ＠T,985,5
136位,,霊術師,ｼﾞｬｽﾊﾟｰ,984,5
137位,,霊術師,みづはのめ,984,5
138位,,霊術師,レイナG,984,5
139位,,霊術師,牛丼メガもり子,983,4
140位,,霊術師,徒花の涙,980,5
141位,,霊術師,百田カマこ,978,5
142位,,霊術師,ｹﾞｰﾘｰ・ﾘﾈｶｰ,977,5
143位,,闘士,（株）うさぎ商店,976,5
144位,,霊術師,於小亥,976,5
145位,,霊術師,みに倉庫担当秘書,976,5
146位,,闘士,偽なお,975,5
147位,,霊術師,アイスリスト,975,5
148位,,霊術師,二相系,975,5
149位,,霊術師,Harry・Winston,975,5
150位,,霊術師,こみやちゃん,974,5
151位,,闘士,†滝川ﾎﾟﾘｴｽﾃﾙ†,973,5
152位,,霊術師,そこの角曲がって,972,5
153位,,闘士,冥土,970,5
154位,,霊術師,青い空の真下で〜,970,5
155位,,霊術師,闘霊操爪魂,969,5
156位,,霊術師,グラナダ☆,968,5
157位,,霊術師,こっこ�T世,968,5
158位,,霊術師,これっきゃない,968,5
159位,,霊術師,じれったい,968,5
160位,,霊術師,F＿霊術,968,4
161位,,霊術師,GAME_END,968,4
162位,,霊術師,マーナイザー,966,5
163位,,霊術師,emeの鉄拳制裁,966,5
164位,,闘士,受けだけどね,966,4
165位,,霊術師,§モカ,965,5
166位,,闘士,因果律のメルト,964,5
167位,,闘士,すなっぷおん☆,963,5
168位,,闘士,ｽﾋﾟﾘｯﾂｵﾌﾞｷｬﾝﾀﾏ,963,5
169位,,闘士,闇夜に輝く女帝,962,5
170位,,霊術師,あずきおでん丸,962,5
171位,,闘士,遊眞_003,962,4
172位,,霊術師,虹の架橋,961,5
173位,,霊術師,夜紗姫,961,5
174位,,霊術師,アレ勃ちぬ,961,5
175位,,闘士,akiman,960,5
176位,,闘士,ZENTZ,960,5
177位,,霊術師,音無しの萌,960,5
178位,,霊術師,マヨケチャ,960,5
179位,,霊術師,メジャイ。,960,5
180位,,霊術師,まな１,959,5
181位,,霊術師,スカダン,959,5
182位,,闘士,楊姫,958,5
183位,,霊術師,G線上のみさき,958,5
184位,,霊術師,初見です,958,5
185位,,霊術師,〜槐〜,957,5
186位,,闘士,エリザベス日記２,956,5
187位,,霊術師,☆ZIL☆,956,5
188位,,霊術師,Жヴァーミリオン,956,5
189位,,闘士,極楽院和泉子,956,4
190位,,闘士,uno刻の涙を見る,955,5
191位,,霊術師,シャロンリーゼ,955,5
192位,,霊術師,凛々花,955,5
193位,,闘士,二ノ花,954,5
194位,,闘士,赤石ずん子,954,5
195位,,霊術師,怪異症候群,954,5
196位,,霊術師,霧榎,954,5
197位,,霊術師,ウィルチュリーズ,954,5
198位,,霊術師,ﾚﾍﾞｯｶ・ﾘｰ,954,5
199位,,霊術師,べっかん娘,953,5
200位,,闘士,ミナヒナ,953,3
201位,,霊術師,八海Ⅱ世,953,3
202位,,闘士,レインボーレオン,953,0
203位,,霊術師,黒月輝夜,951,5
204位,,霊術師,キャログリーン,951,0
205位,,闘士,SOJIASMA,950,5
206位,,闘士,比咩大神,950,5
207位,,霊術師,如月かんな,950,5
208位,,霊術師,九ノ花,950,5
209位,,霊術師,小早川ヒデアキ,950,5
210位,,闘士,もふんも,950,4
211位,,霊術師,シトラス100,950,3
212位,,闘士,豹子頭。,949,5
213位,,闘士,ねも。,949,5
214位,,霊術師,ティナティ,949,5
215位,,闘士,ちよ術師,948,5
216位,,霊術師,帝神,948,5
217位,,霊術師,こちゅねぇ,948,5
218位,,闘士,ララジーン,947,5
219位,,霊術師,ジィド・ジャシン,947,5
220位,,霊術師,ΔｻｲﾊﾞﾊﾞΔ,947,5
221位,,霊術師,ぶりぃー,946,5
222位,,霊術師,ばる、,946,5
223位,,霊術師,ごりら丸,946,5
224位,,霊術師,叉那,946,5
225位,,霊術師,チョッパー。,946,3
226位,,闘士,鈎嬢,945,5
227位,,闘士,桃色ラプソディ,945,5
228位,,霊術師,独走２４時間,945,5
229位,,霊術師,武鎌,945,5
230位,,霊術師,ドリパス♪,945,5
231位,,霊術師,桜乃華,945,5
232位,,霊術師,かき氷☆めろん,945,5
233位,,霊術師,シークエッジ,945,5
234位,,霊術師,ひ☆よ☆こ,944,5
235位,,闘士,ちゃん☆ぽよ,943,5
236位,,闘士,ポロりん,943,5
237位,,霊術師,霊乱玲,943,5
238位,,霊術師,ショルダーズ,943,5
239位,,霊術師,CagalliYulaAthha,943,0
240位,,闘士,もるちゃん♪,942,5
241位,,闘士,シスターレイ,942,5
242位,,霊術師,ジャンヌ・ダル子,942,5
243位,,霊術師,女龍,942,5
244位,,霊術師,ピッコリーノ☆,942,5
245位,,闘士,バブルⅡ世,942,2
246位,,闘士,はろっず,942,2
247位,,霊術師,神楽－KAGURA－,942,1
248位,,闘士,破壊神地縛犬,941,5
249位,,霊術師,青春タコ少女,941,5
250位,,霊術師,ουρο,941,5
251位,,闘士,メグロア,941,4
252位,,霊術師,アキ姫♪,941,1
253位,,霊術師,Ｆａｋｅstar,941,0
254位,,闘士,桜舞夢,940,5
255位,,霊術師,ベルサ・リア,940,5
256位,,霊術師,○ハク○,940,5
257位,,霊術師,ロサ・エグランテ,940,5
258位,,霊術師,りゅうぺろ,940,5
259位,,霊術師,KAGEYAMA6,940,5
260位,,闘士,ララフィム,940,4
261位,,闘士,はぴ茶〆,939,5
262位,,闘士,Bitterblossom,939,5
263位,,霊術師,ルルティ－,939,5
264位,,霊術師,ペトルン・カムイ,939,5
265位,,霊術師,ことさいず,939,5
266位,,霊術師,花の首飾り,938,5
267位,,霊術師,ちなちゃん,938,5
268位,,霊術師,☆一氏ユウ,938,5
269位,,霊術師,ザラエ,938,5
270位,,闘士,アメニチャンス,938,4
271位,,闘士,みまさ,938,3
272位,,闘士,和武,937,5
273位,,闘士,ちしおじわじわ,937,5
274位,,霊術師,いも軍隊,937,5
275位,,霊術師,∮倫敦人形∮,937,3
276位,,闘士,志摩葵,936,5
277位,,霊術師,こしゃるはしす,936,5
278位,,霊術師,ケロン（＾＾）,936,5
279位,,霊術師,shiroΩ,936,5
280位,,闘士,Artemisfoul5925,936,1
281位,,霊術師,REX７７,935,5
282位,,霊術師,アルベド☆,935,5
283位,,霊術師,避難所の中ボス,935,5
284位,,闘士,￡カペラ￡,935,4
285位,,霊術師,釜揚げうどん香川,935,4
286位,,霊術師,ディアカナ♪,935,3
287位,,闘士,ねこぱんち！,935,2
288位,,霊術師,ヘルバーニング,935,0
289位,,霊術師,斎の金魚,935,0
290位,,闘士,「とち」,934,5
291位,,闘士,小早川蘭,934,5
292位,,霊術師,沙貴子,934,5
293位,,霊術師,烏賊様,934,5
294位,,霊術師,バニラグラス,934,5
295位,,闘士,ララディス,934,4
296位,,闘士,ルルフィム,934,4
297位,,闘士,崇高なる破壊者,933,5
298位,,闘士,リトルベアー,933,5
299位,,闘士,J・KIDD,933,5
300位,,闘士,猫銀,933,5
301位,,霊術師,gひぶりぞ,933,5
302位,,霊術師,まほろばの祈り,933,5
303位,,霊術師,aporo0309,933,5
304位,,闘士,紅綾女,932,5
305位,,霊術師,yuzu01,932,5
306位,,霊術師,しげ霊術,932,5
307位,,霊術師,Lucia♪,932,5
308位,,霊術師,†ぷりん†,932,5
309位,,霊術師,バロノクス,932,4
310位,,霊術師,村娘B,932,2
311位,,霊術師,Polkadots,931,5
312位,,霊術師,りどりぃ,931,5
313位,,霊術師,あやまん＠隊長,931,5
314位,,霊術師,スイッチくん,931,5
315位,,霊術師,リルトット,931,5
316位,,闘士,マルコ☆ロデム,931,3
317位,,霊術師,とりあえず作った,931,3
318位,,闘士,��サヴィナ��,930,5
319位,,闘士,せし�U,930,5
320位,,闘士,katrina,930,5
321位,,闘士,オーラシルバー,930,5
322位,,霊術師,��33,930,5
323位,,霊術師,�唐ｳくらα��,930,5
324位,,霊術師,殴ったんです,930,5
325位,,霊術師,うさもも,930,5
326位,,霊術師,銀鎌,930,5
327位,,霊術師,感情の摩天楼,930,5
328位,,霊術師,ラビットちゃん,930,5
329位,,霊術師,Chesterfield,930,5
330位,,霊術師,黒魔道士ZEREHU,930,3
331位,,闘士,ミリュー,929,5
332位,,闘士,ﾙｰﾄ･ｺｰﾀﾞﾝﾃ,929,5
333位,,闘士,ピコピョン,929,5
334位,,闘士,AKANKA,929,5
335位,,闘士,tousi8,929,5
336位,,闘士,5月に咲いた櫻,929,5
337位,,霊術師,オールイン,929,5
338位,,霊術師,ﾐﾆﾓﾝﾌﾞﾗﾝ,929,5
339位,,霊術師,ジンジャー・リン,929,5
340位,,霊術師,皐月楓,929,5
341位,,霊術師,レイリ〜ちゃん,929,5
342位,,闘士,ぽにやま。,929,2
343位,,闘士,リリロア,929,2
344位,,闘士,�唐kＵＰＩ��,928,5
345位,,闘士,女龍2,928,5
346位,,闘士,荀攸公達,928,5
347位,,闘士,とりぶる,928,5
348位,,闘士,性奴隷,928,5
349位,,霊術師,シャルロア,928,5
350位,,霊術師,釣られないクマー,928,5
351位,,霊術師,フェリアーナ,928,5
352位,,霊術師,テッカテカ,928,5
353位,,霊術師,Weird†Rebellion,928,5
354位,,闘士,ﾆｰﾅ・ｸﾚｲｳﾞ,927,5
355位,,闘士,babyseal,927,5
356位,,闘士,キムレイ,927,5
357位,,霊術師,かけら出しガンバ,927,5
358位,,霊術師,ｳﾆｬｰ,927,5
359位,,霊術師,猫鎌,927,5
360位,,霊術師,カイト・K,927,5
361位,,霊術師,はっき〜,927,5
362位,,霊術師,ragtin,927,5
363位,,霊術師,本格派左腕,927,5
364位,,霊術師,風柱,927,5
365位,,闘士,ナナブリッド,927,1
366位,,霊術師,ダンシングロンド,927,0
367位,,霊術師,ﾊﾟﾘ☆,927,0
368位,,闘士,†TIME†,926,5
369位,,霊術師,綾瀬唯,926,5
370位,,霊術師,Ryufalis,926,4
371位,,闘士,ジンベエ。,926,3
372位,,霊術師,ちあ１００％,926,3
373位,,闘士,リリブラック,926,2
374位,,闘士,Buffett,926,1
375位,,闘士,AK_ADAH,925,5
376位,,闘士,Adara,925,5
377位,,闘士,ﾎｯﾄｷｬﾝﾃﾞｨｰ,925,5
378位,,闘士,☆マレフィセント,925,5
379位,,闘士,ｳﾙｳﾞｧﾘﾝの娘,925,5
380位,,霊術師,月英。,925,5
381位,,霊術師,↑トチ↑,925,5
382位,,霊術師,ににゃ,925,5
383位,,闘士,Arisia_Sheen,924,5
384位,,闘士,ソアーレス,924,5
385位,,闘士,†夕波吹雪†,924,5
386位,,闘士,夕姫☆,924,5
387位,,闘士,＊あやまん＊,924,5
388位,,霊術師,GearaDoga,924,5
389位,,霊術師,TweetyBird,924,5
390位,,霊術師,∂ほたる∂,924,5
391位,,霊術師,ガリン,924,5
392位,,霊術師,林致,924,5
393位,,霊術師,コイロ,924,5
394位,,霊術師,popolo2,924,5
395位,,霊術師,黒い灯火,924,5
396位,,霊術師,romatan,924,5
397位,,霊術師,〜朧α〜,924,5
398位,,霊術師,GenkaR,924,5
399位,,闘士,宵空黎音,924,3
400位,,霊術師,セイシェルワ,924,1
401位,,霊術師,秋星紋華,924,0
402位,,霊術師,ヤミルンルン,923,5
403位,,霊術師,ちたラー,923,5
404位,,霊術師,☆黒姫,923,5
405位,,霊術師,突撃飛猫,923,5
406位,,霊術師,（ZIN）,923,5
407位,,霊術師,ねぎ☆抜き,923,5
408位,,霊術師,れいとう,923,5
409位,,霊術師,キツネ月,923,5
410位,,霊術師,Incubator,923,5
411位,,霊術師,Avantasia,923,5
412位,,霊術師,shylph,923,5
413位,,霊術師,セルティック○,923,4
414位,,霊術師,いり田かす美,923,4
415位,,霊術師,花意竹情,923,4
416位,,霊術師,狂会流双留,923,3
417位,,闘士,ごちそうさん＾＾,922,5
418位,,闘士,newカモン,922,5
419位,,闘士,GalbusAstrea92,922,5
420位,,闘士,Megalovania,922,5
421位,,闘士,がんもちゃん,922,5
422位,,闘士,オリオンハート,922,5
423位,,霊術師,コメント,922,5
424位,,霊術師,トリッシュウナ,922,5
425位,,霊術師,響花,922,5
426位,,霊術師,笑泉,922,5
427位,,霊術師,あの花の咲く頃に,922,5
428位,,霊術師,†女豹†,922,5
429位,,霊術師,鬼嫁（＾▽＾）,922,5
430位,,霊術師,ララＤ,922,5
431位,,霊術師,風真るい,922,5
432位,,霊術師,☆ﾋﾞﾀｰｼｮｺﾗ☆,922,5
433位,,霊術師,ルウクPART4,922,5
434位,,霊術師,ﾋｽﾃﾘｯｸｸﾞﾗﾏｰ,922,5
435位,,霊術師,wendine,922,5
436位,,霊術師,イチゴショート♪,922,5
437位,,霊術師,†Mills†,922,5
438位,,霊術師,JuryusXII,922,5
439位,,霊術師,ラカッシュ,922,4
440位,,霊術師,塩焼き君,922,4
441位,,闘士,そこたん,922,0
442位,,霊術師,真由梨,922,0
443位,,霊術師,彗霊,922,0
444位,,霊術師,焔霊,922,0
445位,,闘士,樋の葉,921,5
446位,,闘士,濡烏、,921,5
447位,,闘士,☆オニちゃん☆,921,5
448位,,闘士,☆西澤桜華☆,921,5
449位,,霊術師,ﾗﾙﾑ･ｳﾞｫﾜ,921,5
450位,,霊術師,みゃー闘,921,5
451位,,霊術師,りょうかいです,921,5
452位,,霊術師,noahto,921,5
453位,,霊術師,Akebia,921,5
454位,,霊術師,Francesca．,921,5
455位,,霊術師,玉依なるみ,921,5
456位,,霊術師,ティアシル,921,5
457位,,霊術師,ふれちゃん☆,921,3
458位,,霊術師,旅だっちゃ＞＜,921,3
459位,,闘士,ハートミント,921,2
460位,,霊術師,QUARTER‐DOLL,921,2
461位,,闘士,レジリエンス,921,0
462位,,霊術師,Kulala,921,0
463位,,霊術師,輝霊,921,0
464位,,霊術師,翠霊,921,0
465位,,霊術師,短気の子,921,0
466位,,霊術師,鎚霊,921,0
467位,,霊術師,hesp,921,0
468位,,闘士,ガブリエレン,920,5
469位,,霊術師,Azumarill,920,5
470位,,霊術師,がさ☆がさ,920,5
471位,,霊術師,Lynn_F,920,5
472位,,霊術師,カタリナ。,920,5
473位,,霊術師,ｼﾞｯﾀﾘﾝ･ｼﾞﾝ,920,5
474位,,霊術師,にもo,920,5
475位,,霊術師,ぬこのきもち,920,5
476位,,霊術師,パッチエース,920,5
477位,,霊術師,つむぎゅん,920,5
478位,,霊術師,九夜☆黒曜,920,5
479位,,霊術師,RedHunter,920,5
480位,,霊術師,愛_篠崎,920,5
481位,,霊術師,juria♪,920,5
482位,,霊術師,☆Ichigo,920,5
483位,,闘士,レイレィ・ホゥ,920,4
484位,,霊術師,神速の鬼,920,4
485位,,霊術師,KING　TIMER,920,4
486位,,闘士,わんこ＋♪♪,920,3
487位,,霊術師,紫希,920,3
488位,,霊術師,弓神ビビ様,920,3
489位,,霊術師,美妖Ｇ,920,1
490位,,霊術師,Xeoｎ,920,0
491位,,霊術師,漆霊,920,0
492位,,闘士,もーると,919,5
493位,,闘士,ヴェーネ,919,5
494位,,闘士,エリアーゼ,919,5
495位,,霊術師,шＲЯш,919,5
496位,,霊術師,†摩利支天†,919,5
497位,,霊術師,甲柊鎌足,919,5
498位,,霊術師,ユードルフ,919,5
499位,,霊術師,blackwing6,919,3
500位,,闘士,ララフィナ,919,2
501位,,霊術師,火葬屋´´,919,2
502位,,霊術師,卍たけのこの里卍,919,0
503位,,霊術師,チャージャー,919,0
504位,,闘士,戦嬢,918,5
505位,,闘士,F97ｰX0,918,5
506位,,闘士,ﾄｩｼｨ・。・,918,5
507位,,霊術師,ζmicaζ,918,5
508位,,霊術師,おたぬ姫,918,5
509位,,霊術師,Marry☆彡,918,5
510位,,霊術師,紅美。,918,5
511位,,霊術師,グッフェン,918,5
512位,,霊術師,とんこつ醤油味,918,5
513位,,霊術師,露天麻衣夜,918,5
514位,,霊術師,ヤシガニ王女,918,5
515位,,霊術師,jede☆tail,918,5
516位,,霊術師,紅月・リン,918,3
517位,,霊術師,ﾀﾏｺﾞ,918,1
518位,,霊術師,デブ６,918,0
519位,,霊術師,RSMSP,918,0
520位,,闘士,θほたるθ,917,5
521位,,闘士,followers,917,5
522位,,霊術師,受付中,917,5
523位,,霊術師,入須,917,5
524位,,霊術師,黒百合シェータ,917,5
525位,,霊術師,りず嬢,917,5
526位,,霊術師,hgg0iklfdsqpdwqd,917,5
527位,,霊術師,vell。,917,5
528位,,霊術師,くじらいか,917,5
529位,,霊術師,チョコラ☆BB,917,5
530位,,霊術師,カーマ☆ミ,917,5
531位,,霊術師,オネースァン,917,5
532位,,霊術師,ﾋﾞｶﾞﾌﾟｰﾙの奇跡,917,5
533位,,霊術師,小松姫,917,4
534位,,霊術師,リナ太郎,917,4
535位,,闘士,零崎愛織,917,1
536位,,闘士,赤爪,917,1
537位,,霊術師,ルルリット,917,0
538位,,霊術師,卍きのこの山卍,917,0
539位,,闘士,T日向さん,916,5
540位,,闘士,ぷぷびでゅ,916,5
541位,,霊術師,☆鎌月☆,916,5
542位,,霊術師,セロりん☆彡,916,5
543位,,霊術師,雨宮琴音DX,916,5
544位,,霊術師,マイクロビキニ,916,5
545位,,霊術師,胴切り担当大臣,916,5
546位,,霊術師,京ちゃん２号,916,5
547位,,霊術師,蔵の師魂,916,5
548位,,霊術師,四天王で最弱,916,5
549位,,闘士,竜國,916,4
550位,,霊術師,やどや霊,916,4
551位,,霊術師,ぷーと,916,4
552位,,闘士,RAMUNE☆,916,1
553位,,霊術師,モナブルー,916,0
554位,,霊術師,秋送葬華,916,0
555位,,霊術師,華やん,916,0
556位,,闘士,蒼い髪,915,5
557位,,闘士,KEI☆ﾐ,915,5
558位,,闘士,まさたろん,915,5
559位,,闘士,Chihyu,915,5
560位,,霊術師,ﾚｲﾝﾌｫｰﾚｽﾄﾊﾟｰﾙ,915,5
561位,,霊術師,朝日姫,915,5
562位,,霊術師,きしもん,915,5
563位,,霊術師,arenos,915,5
564位,,霊術師,grht3,915,5
565位,,霊術師,ねぎ☆ぬき,915,5
566位,,霊術師,氷舞,915,5
567位,,霊術師,全肯定彼女,915,5
568位,,霊術師,Achelous,915,5
569位,,霊術師,Finisher,915,5
570位,,闘士,稲薙,915,4
571位,,霊術師,かにカマ,915,4
572位,,闘士,エストレーゼ,915,3
573位,,霊術師,えとわる仔,915,2
574位,,闘士,culω,915,1
575位,,闘士,ぜんふぁい,915,1
576位,,霊術師,ねじれるとき,915,1
577位,,霊術師,やぽまる。,915,0
578位,,霊術師,秋葵,915,0
579位,,闘士,宗谷ましろ,914,5
580位,,闘士,お霊さん,914,5
581位,,霊術師,江波,914,5
582位,,霊術師,ミューアξ,914,5
583位,,霊術師,めだか丸,914,5
584位,,霊術師,ぺトルン・カムイ,914,5
585位,,霊術師,〓yuzu〓,914,5
586位,,霊術師,GO†FIGHT†WIN,914,5
587位,,闘士,釈迦に殺法,914,4
588位,,霊術師,そらぽん,914,4
589位,,霊術師,イナリン,914,4
590位,,霊術師,ジャーメイン,914,3
591位,,霊術師,飛美香,914,3
592位,,霊術師,止まるっじお,914,3
593位,,霊術師,さむ・える,914,1
594位,,闘士,ドゥ・カイン,914,0
595位,,闘士,☆Elsamaria☆,913,5
596位,,闘士,こーしー乳牛02,913,5
597位,,闘士,yami¢,913,5
598位,,闘士,泉水ちゃん,913,5
599位,,霊術師,のよ♪,913,5
600位,,霊術師,鎌ってちょうだい,913,5
601位,,霊術師,豚肉戦士タマゴ,913,5
602位,,霊術師,マルリア,913,5
603位,,霊術師,ふう琳,913,5
604位,,霊術師,ななみりおん,913,5
605位,,霊術師,ウッズメ,913,5
606位,,霊術師,ゆみにゃ,913,5
607位,,霊術師,フルカラン,913,5
608位,,霊術師,コウノレイ,913,5
609位,,霊術師,Loveriel,913,5
610位,,霊術師,ﾊﾟﾙﾑﾊﾋﾟﾈｽ,913,5
611位,,闘士,鎌ちゃん,913,4
612位,,闘士,初級,913,4
613位,,霊術師,ミレイユたん,913,4
614位,,闘士,乱れひっかき,913,0
615位,,霊術師,デブかま,913,0
616位,,霊術師,☆カマイタチ,913,0
617位,,霊術師,HomingSystem,913,0
618位,,霊術師,あゆみん♪,913,0
619位,,闘士,龜毛先生,912,5
620位,,闘士,スイートリベンジ,912,5
621位,,闘士,STARLUNA,912,5
622位,,闘士,吉田沙保里Nx,912,5
623位,,闘士,アビア,912,5
624位,,霊術師,真武虎薙,912,5
625位,,霊術師,LairCrisiss,912,5
626位,,霊術師,siriusuΔ,912,5
627位,,霊術師,夜来香,912,5
628位,,霊術師,キララ綺羅,912,5
629位,,霊術師,ReyMaru,912,5
630位,,霊術師,葱塩きゃらめる,912,5
631位,,霊術師,゛アルベド,912,5
632位,,霊術師,ぴぴれ,912,5
633位,,霊術師,夕稀,912,5
634位,,霊術師,ご奉仕したい♪,912,4
635位,,霊術師,ﾛｰﾗﾝ,912,4
636位,,闘士,ぶりー♪♪,912,3
637位,,闘士,稲刈,912,3
638位,,闘士,パラリンコ,912,0
639位,,霊術師,よい子の乳９,912,0
640位,,霊術師,鴻鴻,912,0
641位,,霊術師,ナナフィア,912,0
642位,,霊術師,〜あんず〜,912,0
643位,,闘士,桃涼,911,5
644位,,闘士,焔霞ヨミ,911,5
645位,,闘士,〆καογυ〆,911,5
646位,,闘士,ＮＨΞ,911,5
647位,,闘士,園原桜,911,5
648位,,闘士,とーーーーし,911,5
649位,,闘士,ｱﾌﾞﾄﾞｰﾗｻﾞﾃﾞﾌﾞｯﾁｬ,911,5
650位,,霊術師,☆syachi,911,5
651位,,霊術師,VGVGVGVGV,911,5
652位,,霊術師,斬И,911,5
653位,,霊術師,金兼,911,5
654位,,霊術師,ヨセフカ,911,5
655位,,霊術師,ソープの女,911,5
656位,,霊術師,闘たぬき闘,911,5
657位,,霊術師,CREWKERZ,911,5
658位,,霊術師,ＶＯＩＤ−,911,5
659位,,霊術師,むき＊,911,5
660位,,霊術師,きんかく。,911,5
661位,,霊術師,エンドロシ,911,5
662位,,霊術師,紫式部・改,911,5
663位,,霊術師,ノエビア,911,5
664位,,闘士,黄橙魔,911,4
665位,,闘士,爪磨きマン,911,4
666位,,霊術師,アダ・ラナ,911,4
667位,,霊術師,槐子ちゃん,911,4
668位,,闘士,ゆちたん,911,3
669位,,霊術師,モリゾーとくっ殺,911,3
670位,,霊術師,Archeologist,911,3
671位,,霊術師,ceepy,911,2
672位,,闘士,kiyosi4,911,1
673位,,闘士,Megathis,910,5
674位,,闘士,美月。,910,5
675位,,闘士,ﾌﾗｯﾃﾘｰ・ﾏﾏ,910,5
676位,,霊術師,慎めろ,910,5
677位,,霊術師,うさぽんぽこ,910,5
678位,,霊術師,ぽちねこＧＦ,910,5
679位,,霊術師,燃える瞳のメル,910,5
680位,,霊術師,霊燦,910,5
681位,,霊術師,くなー,910,5
682位,,霊術師,Suta☆Dust,910,5
683位,,霊術師,バルトラ,910,5
684位,,霊術師,1986年のマリリン,910,5
685位,,霊術師,MovingOBject,910,5
686位,,霊術師,キムレイ２,910,5
687位,,霊術師,渚の女神様,910,5
688位,,霊術師,朱乱桜,910,4
689位,,霊術師,メイキル,910,4
690位,,霊術師,焼き丸,910,4
691位,,霊術師,まるぽい,910,3
692位,,霊術師,〜ラム〜,910,0
693位,,闘士,Sorusu,909,5
694位,,闘士,XP4P,909,5
695位,,闘士,闘士トト,909,5
696位,,霊術師,ReijyutuX,909,5
697位,,霊術師,жそんなことをж,909,5
698位,,霊術師,ジェーン・スー,909,5
699位,,霊術師,ほうき雲,909,5
700位,,霊術師,トレビアン3,909,5
701位,,霊術師,Change_of_Life,909,5
702位,,霊術師,にゃん獣人,909,5
703位,,霊術師,ﾒﾘｯｻ･ﾚﾓﾝﾊﾞｰﾑ,909,5
704位,,霊術師,§肛門亭そよ風§,909,5
705位,,霊術師,でかたろう,909,5
706位,,霊術師,Euphemia,909,5
707位,,霊術師,マリーザ・ネット,909,5
708位,,闘士,§ＥＶＥ§,909,4
709位,,霊術師,《一華》,909,4
710位,,霊術師,Elleair☆ミ,909,4
711位,,霊術師,bamowl,909,3
712位,,霊術師,闇リオン闇,909,2
713位,,霊術師,みんな朋友,909,0
714位,,霊術師,甄姫．,909,0
715位,,霊術師,niwasino,909,0
716位,,霊術師,すすきのエディ,909,0
717位,,闘士,腐愚田紗懺ゑ,908,5
718位,,闘士,チンゲンサイ１,908,5
719位,,霊術師,☆�IAlice�I☆,908,5
720位,,霊術師,黒教会のフリーデ,908,5
721位,,霊術師,JackLee,908,5
722位,,霊術師,ＲＡＹＯＮ,908,5
723位,,霊術師,zohwkqnrk,908,5
724位,,霊術師,九條都,908,5
725位,,霊術師,ジュキッド,908,5
726位,,霊術師,Ｃhloe,908,5
727位,,霊術師,ほんまでっか？,908,5
728位,,霊術師,レジ担当UM,908,5
729位,,霊術師,S1Nδ,908,5
730位,,霊術師,Prototype霊,908,5
731位,,霊術師,ﾒﾃｵﾊｰﾂ,908,5
732位,,闘士,karalark,908,4
733位,,闘士,ルビーダイス,908,4
734位,,霊術師,いぼゴースト,908,4
735位,,霊術師,GTロゥリィ,908,4
736位,,霊術師,ラ・モール,908,4
737位,,霊術師,ひとりきり〜,908,4
738位,,霊術師,ぽころこ,908,4
739位,,霊術師,οマキナο,908,4
740位,,霊術師,One_more_chance,908,3
741位,,霊術師,ぽっぽちゃん,908,3
742位,,闘士,猫の惑星,908,1
743位,,闘士,鏡の音リン,908,0
744位,,霊術師,ヨグ,908,0
745位,,霊術師,しかもあ,908,0
746位,,霊術師,めんみ,908,0
747位,,霊術師,リリア。（姉）,908,0
748位,,闘士,楓の詩,907,5
749位,,霊術師,オカマの鎌足,907,5
750位,,霊術師,ボッスーーーン,907,5
751位,,霊術師,ShootingStars,907,5
752位,,霊術師,魔乳カリナ,907,5
753位,,霊術師,絶唱しない,907,5
754位,,霊術師,鳳乃華,907,5
755位,,霊術師,あてんつ,907,5
756位,,霊術師,Paprikan,907,5
757位,,霊術師,ラピスラズリ☆,907,5
758位,,霊術師,３．１４１５９２,907,5
759位,,闘士,SerasVictoria☆,907,4
760位,,闘士,メグミルク,907,4
761位,,霊術師,HeartDrop,907,4
762位,,霊術師,マグロのカマ,907,4
763位,,霊術師,＋ちゅ〜る＋,907,4
764位,,霊術師,れいじゅつチャン,907,4
765位,,霊術師,☆kiko,907,4
766位,,霊術師,ちょっかな？,907,4
767位,,霊術師,メロンジュース,907,3
768位,,霊術師,ミクマル,907,3
769位,,霊術師,絶対霊域,907,3
770位,,霊術師,阿波連れいな,907,3
771位,,霊術師,あんり。,907,3
772位,,霊術師,νRaphaelν,907,3
773位,,霊術師,∫Rapunzel∫,907,3
774位,,闘士,ｴﾘﾏｷﾄｶｹﾞ,907,2
775位,,霊術師,bashar10綾,907,2
776位,,霊術師,小袖_B,907,2
777位,,霊術師,MAIMU♪,907,2
778位,,霊術師,ミス古都,907,2
779位,,霊術師,ライシーン,907,1
780位,,闘士,ＮＯＺＯ♪,907,0
781位,,霊術師,ルリティス,907,0
782位,,闘士,Mathers,906,5
783位,,闘士,マレフィセント様,906,5
784位,,闘士,チンゲンサイ２,906,5
785位,,闘士,たーみねーちャん,906,5
786位,,霊術師,tyuxi,906,5
787位,,霊術師,Ｍｅｒｃｕｔｉｏ,906,5
788位,,霊術師,R日向さん,906,5
789位,,霊術師,☆アルフェリア☆,906,5
790位,,霊術師,ばろーん,906,5
791位,,霊術師,nana氏,906,5
792位,,霊術師,shinにゃん,906,5
793位,,霊術師,ルチアーナ,906,5
794位,,霊術師,ヴェロア,906,5
795位,,霊術師,わくわく,906,5
796位,,霊術師,うさまるスパイ,906,5
797位,,霊術師,RolyMacuery,906,5
798位,,霊術師,Origine,906,5
799位,,闘士,△夢花火△,906,4
800位,,霊術師,セクシー担当大臣,906,4
801位,,霊術師,CHUMS☆,906,4
802位,,霊術師,MythMei,906,3
803位,,闘士,К紅К,906,1
804位,,闘士,bsk妹子,906,1
805位,,闘士,湖影−Koei−,906,0
806位,,霊術師,サイズスピリット,906,0
807位,,霊術師,ボディラクシャ,906,0
808位,,霊術師,筋衛門,906,0
809位,,闘士,恋のﾌﾙｽｳｨﾝｸﾞ☆,905,5
810位,,闘士,トゥーヴァ,905,5
811位,,闘士,血統者,905,5
812位,,闘士,杜鵑草,905,5
813位,,闘士,＊_Erina_Arai_＊,905,5
814位,,霊術師,Granovskaia,905,5
815位,,霊術師,フィオーリ,905,5
816位,,霊術師,めねあ。,905,5
817位,,霊術師,PP34,905,5
818位,,霊術師,ｱﾌﾘｶｵｵｺﾉﾊｽﾞｸ,905,5
819位,,霊術師,鬼伐,905,5
820位,,霊術師,ﾌｧﾚｸﾞ=ｱｲｳﾞｽﾞ�],905,5
821位,,霊術師,PIYORIHIME,905,5
822位,,霊術師,鎌鎌鎌,905,5
823位,,霊術師,Rosiere,905,5
824位,,霊術師,☆雪見太福☆,905,5
825位,,霊術師,ηаη♪,905,5
826位,,霊術師,ЖCELICAЖ,905,5
827位,,霊術師,金鯖しぐしぐ,905,5
828位,,霊術師,まぁまる,905,5
829位,,霊術師,MokeyMokey,905,5
830位,,闘士,永遠のナギ,905,4
831位,,霊術師,おき太,905,4
832位,,霊術師,ボイセンベル,905,4
833位,,霊術師,pp_M,905,4
834位,,霊術師,ルナの魂鮮度大事,905,4
835位,,霊術師,ﾃｨﾓﾅ･ｱﾙｾｲﾃﾞｽ,905,4
836位,,霊術師,首狩りシリチ,905,4
837位,,霊術師,ランちゃん。,905,4
838位,,霊術師,れーじゅつC,905,1
839位,,闘士,ハチワレ,905,0
840位,,闘士,八闘士ん,905,0
841位,,霊術師,リサブルー,905,0
842位,,霊術師,ｼﾞｪﾝﾄﾞ・ﾗﾄﾞｳ,905,0
843位,,霊術師,ｹｲone,905,0
844位,,闘士,MoCuishle,904,5
845位,,闘士,ｿﾞﾙﾃﾞｨｯｸ家見習い,904,5
846位,,霊術師,戦功,904,5
847位,,霊術師,☆パパーン☆,904,5
848位,,霊術師,心猿意馬,904,5
849位,,霊術師,HAWww,904,5
850位,,霊術師,まぉω,904,5
851位,,霊術師,ダーキン,904,5
852位,,霊術師,Nam1K,904,5
853位,,霊術師,しりとる,904,5
854位,,霊術師,§Ｚ,904,5
855位,,霊術師,酢牡蠣,904,5
856位,,霊術師,yugo_seven,904,5
857位,,霊術師,八漆,904,5
858位,,霊術師,香坂_しぐれ,904,5
859位,,霊術師,徳井佳真,904,5
860位,,霊術師,I，Scream,904,5
861位,,霊術師,花彩,904,5
862位,,闘士,0kama,904,4
863位,,霊術師,小梅サワー,904,4
864位,,霊術師,狩ﾘ暮ﾗｼのｱﾘｴｯﾃｨ,904,4
865位,,霊術師,草刈りだけどね,904,4
866位,,霊術師,GaGa☆,904,4
867位,,霊術師,【α】,904,4
868位,,霊術師,★小夜★,904,4
869位,,霊術師,йあぃすй,904,4
870位,,闘士,まっこりさん,904,3
871位,,霊術師,ゆちん,904,3
872位,,霊術師,鎌パイセン,904,3
873位,,霊術師,ラムリュア,904,2
874位,,霊術師,嵐子ちゃん,904,2
875位,,霊術師,煌22,904,1
876位,,霊術師,みれる,904,0
877位,,霊術師,Ouse,904,0
878位,,闘士,珍念BOY,903,5
879位,,闘士,あずきのチカラ,903,5
880位,,闘士,GoldSoulBringer,903,5
881位,,霊術師,ましゅs,903,5
882位,,霊術師,倉庫守くん,903,5
883位,,霊術師,Uliath,903,5
884位,,霊術師,yassuo,903,5
885位,,霊術師,アオリちゃん,903,5
886位,,霊術師,ｱﾘｿﾝ．Ｆ,903,5
887位,,霊術師,鎌振り,903,5
888位,,霊術師,ﾋﾞﾌﾃｷ,903,5
889位,,霊術師,：ありす：,903,5
890位,,霊術師,浮舟椿,903,5
891位,,霊術師,デ・ヘア,903,5
892位,,霊術師,有害みかん,903,5
893位,,霊術師,MoonHunter,903,5
894位,,霊術師,EXCELSIOR†DIVE,903,5
895位,,霊術師,☆劉禅☆,903,5
896位,,霊術師,成歩堂みぬき,903,5
897位,,闘士,舟和,903,4
898位,,霊術師,伊之助,903,4
899位,,霊術師,ﾁﾌﾟ家のﾒｯｼｰ♪,903,4
900位,,霊術師,ψ石幻果ψ,903,4
901位,,霊術師,モルたんMK2,903,3
902位,,霊術師,すずめ団,903,3
903位,,霊術師,ぱるくん鎌,903,3
904位,,霊術師,泡01,903,3
905位,,闘士,xx女将xx,903,2
906位,,霊術師,ＳＰＦ,903,1
907位,,霊術師,ﾆｯｺﾘ,903,1
908位,,闘士,ユノ・ルギナ,903,0
909位,,霊術師,まるぐみ,903,0
910位,,闘士,甘いごほうび,902,5
911位,,闘士,加齢ぱんまん,902,5
912位,,闘士,拳闘士サラちゃん,902,5
913位,,霊術師,清蘭,902,5
914位,,霊術師,りどりぃ♪,902,5
915位,,霊術師,呪われたりぽたん,902,5
916位,,霊術師,月下やみ,902,5
917位,,霊術師,霊ﾍﾟｯｿﾝ,902,5
918位,,霊術師,celestial,902,5
919位,,霊術師,Evoltia,902,5
920位,,霊術師,リヴァイアさん☆,902,5
921位,,霊術師,ｼﾞｪｰﾝ・ﾄﾞｩ,902,5
922位,,霊術師,ネクラス,902,5
923位,,霊術師,リスグラシュー,902,5
924位,,霊術師,疾風のバンダナ,902,5
925位,,霊術師,Shakur,902,5
926位,,闘士,ポニロン,902,4
927位,,霊術師,J_Hillary,902,4
928位,,霊術師,ψるんβψ,902,4
929位,,霊術師,ふあたそ,902,4
930位,,霊術師,ヨニハ,902,4
931位,,霊術師,ﾓｸﾞﾓｸﾞちゃん,902,4
932位,,霊術師,Y＿霊術師,902,4
933位,,霊術師,天地魔闘の構え,902,4
934位,,霊術師,ぽちこのこ♪,902,4
935位,,霊術師,大富豪革命返,902,4
936位,,霊術師,十番手,902,3
937位,,霊術師,五分の魂,902,3
938位,,霊術師,相手スイッチ,902,3
939位,,霊術師,恋する子犬ちゃん,902,3
940位,,霊術師,三流ＤＸ,902,3
941位,,霊術師,たこ坊,902,2
942位,,霊術師,Cordula,902,2
943位,,闘士,魔界幼女セクメト,902,1
944位,,霊術師,カトラリー,902,1
945位,,霊術師,魔界幼女サテラ,902,1
946位,,闘士,メガンテリオン,902,0
947位,,闘士,るの,902,0
948位,,闘士,Φ氷舞Φ,902,0
949位,,霊術師,残波蘭丸,902,0
950位,,霊術師,かまちゃ,902,0
951位,,霊術師,月千古輝,902,0
952位,,霊術師,リオナ・ウェスタ,902,0
953位,,霊術師,ドルジN1,902,0
954位,,闘士,ピアッツァ。,901,5
955位,,闘士,ティペット,901,5
956位,,闘士,アスタロア,901,5
957位,,闘士,鳳ちはや,901,5
958位,,闘士,ルルルン,901,5
959位,,霊術師,ここあζ,901,5
960位,,霊術師,陽菜,901,5
961位,,霊術師,obakeman,901,5
962位,,霊術師,ｃｃヒカリ,901,5
963位,,霊術師,фカルピスф,901,5
964位,,霊術師,ババヤガ,901,5
965位,,霊術師,けいみ,901,5
966位,,霊術師,しいなさん,901,5
967位,,霊術師,沈丁花♪,901,5
968位,,霊術師,ФゆめФ,901,5
969位,,霊術師,うめぼす,901,5
970位,,霊術師,○闘士始めました,901,5
971位,,霊術師,マリア・ウェルチ,901,5
972位,,霊術師,えりぷん,901,5
973位,,霊術師,dkgsdht2,901,5
974位,,霊術師,Lebron版霊術,901,5
975位,,闘士,ﾛﾝｹﾞのﾈｰﾁｬﾝ,901,4
976位,,闘士,霊子☆,901,4
977位,,闘士,鳳飛,901,4
978位,,霊術師,むぎ助,901,4
979位,,霊術師,だいソン,901,4
980位,,霊術師,ＦＡＣＥ,901,4
981位,,霊術師,錦糸蝶,901,4
982位,,霊術師,☆テオドラ☆,901,4
983位,,霊術師,ﾘｻｲｸﾙ,901,4
984位,,霊術師,麒☆麟ver11,901,4
985位,,霊術師,マスカーレイド,901,4
986位,,霊術師,朧鵺夜,901,4
987位,,霊術師,ぐったり５発,901,4
988位,,闘士,文美,901,3
989位,,霊術師,ScytheOfNight,901,3
990位,,霊術師,帆秋,901,3
991位,,霊術師,花cherie,901,3
992位,,霊術師,ことりばこ,901,3
993位,,霊術師,戦利品たち,901,2
994位,,闘士,SHINON☆,901,1
995位,,霊術師,夢幻の睡り,901,1
996位,,闘士,攻撃＠闘士,901,0
997位,,霊術師,イガリマ,901,0
998位,,霊術師,LemonHart,901,0
999位,,霊術師,ちっちく,901,0
