1位,,ビーストテイマー,ミルリ,1758,5
2位,,ビーストテイマー,つよみん,1752,5
3位,,悪魔,五十嵐由貴,1751,5
4位,,キャプテン,ﾏｰｺﾞｯﾄ,1745,5
5位,,剣士,筋肉もり男,1744,5
6位,,ランサー,武神゜,1742,5
7位,,黒魔術師,DarkGradation,1741,5
8位,,シーフ,HIMAMA,1740,5
9位,,ランサー,∬purposefire∬,1738,5
10位,,獣人,dokuringo,1736,5
11位,,アーチャー,らぶのーと♪,1736,5
12位,,ウィザード,syouitirou,1736,5
13位,,剣士,amagon,1734,5
14位,,霊術師,neon43,1732,5
15位,,ランサー,岡島タエ子,1731,5
16位,,メイド,八番手,1729,5
17位,,リトルウィッチ,WildCandy♪,1728,5
18位,,シーフ,ＬＡ：ＮＡ,1728,5
19位,,アーチャー,クレモル,1727,5
20位,,武道家,腰痛の爺,1727,5
21位,,キャプテン,錨輝く鮎,1725,5
22位,,ランサー,☆セントレア☆,1725,5
23位,,アーチャー,Mysh,1722,5
24位,,戦士,bitaminn,1721,5
25位,,霊術師,きゃぴ☆,1719,5
26位,,ランサー,ソルディエンヌ,1717,5
27位,,プリンセス,パリバリ,1716,5
28位,,ビーストテイマー,pikashu,1716,5
29位,,獣人,AllRangeClear☆,1715,5
30位,,剣士,GLASS7,1715,5
31位,,武道家,gingingin,1711,5
32位,,戦士,リヤっち,1711,5
33位,,剣士,DancingBravo,1708,5
34位,,霊術師,nero＋α,1705,5
35位,,闘士,砂の果実,1704,5
36位,,プリンセス,アイカツおばさん,1704,5
37位,,武道家,平岡智世,1704,5
38位,,プリンセス,ゆめごん,1703,5
39位,,ランサー,ビッグマシーン,1703,5
40位,,戦士,ブレイブスカイ,1703,5
41位,,ランサー,星にねがいを,1702,5
42位,,ランサー,Lalulu,1700,5
43位,,アーチャー,らぴん,1696,5
44位,,ランサー,megumi♪,1696,5
45位,,ビショップ,戦慄のおっさん,1688,5
46位,,シーフ,コールドプレイ,1685,5
47位,,黒魔術師,∬Veloce∬,1679,5
48位,,霊術師,∬vergeofdeath∬,1671,5
49位,,ビショップ,高天原ゆとり,1665,5
50位,,武道家,モルディブ。,1662,5
51位,,戦士,新羅三郎,1661,5
52位,,戦士,醤油取って,1659,5
53位,,悪魔,ろざりぃ,1658,5
54位,,リトルウィッチ,ハイシェン姫,1654,5
55位,,ランサー,_Jun_,1648,5
56位,,ランサー,Lionel・MessiⅡ,1645,5
57位,,アルケミスト,レミニセンス,1644,5
58位,,獣人,Faluna,1644,5
59位,,獣人,リンチェンコ,1641,5
60位,,シーフ,ЖHeliosЖ,1634,5
61位,,アルケミスト,ちゃん☆ぽん,1630,5
62位,,アーチャー,†金獅子姫†,1630,5
63位,,ランサー,堕天使ヨハネ,1627,5
64位,,キャプテン,お前もう船降りろ,1626,5
65位,,ランサー,♪レナ♪,1626,5
66位,,アルケミスト,littlepool,1621,5
67位,,追放天使,￥神様家族￥,1607,5
68位,,霊術師,ピアッツァ,1603,5
69位,,マスケッティア,どんの助,1602,5
70位,,闘士,BomberYeahINARI,1602,5
71位,,アルケミスト,わぶけみ,1594,5
72位,,霊術師,ゆきゅ,1593,5
73位,,シーフ,いっちゃん☆,1587,5
74位,,アーチャー,Geminorum,1580,5
75位,,霊術師,Woｌｌim,1577,5
76位,,アルケミスト,ソースあじ,1574,5
77位,,アルケミスト,三玖♪,1573,5
78位,,剣士,点灯,1572,5
79位,,霊術師,超鎌子,1568,5
80位,,シーフ,NightBlade,1566,5
81位,,シーフ,びじえむ,1562,5
82位,,キャプテン,ちむどんどん助,1560,5
83位,,黒魔術師,PersephoneP,1558,5
84位,,ネクロマンサー,Goldilock,1557,5
85位,,ウィザード,＄デビル＄,1557,5
86位,,ウィザード,プラチナデータ,1557,5
87位,,アーチャー,サハスラ,1556,5
88位,,シーフ,梅ピーシフ,1554,5
89位,,剣士,ⅹブッシュⅹ,1553,5
90位,,アーチャー,Mｙｓｔic,1552,5
91位,,ビショップ,魔女の使いジジ,1552,5
92位,,アーチャー,雷神の弓,1551,5
93位,,剣士,醤油煎餅,1549,5
94位,,獣人,クーペ,1548,5
95位,,追放天使,ビッグマ万太郎,1548,5
96位,,黒魔術師,ShineLight,1547,5
97位,,ウィザード,お嫁においでよ〆,1545,5
98位,,黒魔術師,うぉるりむ,1542,5
99位,,追放天使,彫黒店4,1542,5
100位,,アーチャー,LOVEマシーン♪,1541,5
101位,,剣士,小作人,1541,5
102位,,戦士,啓士郎,1540,5
103位,,武道家,神崎・Ｚ・アリア,1537,5
104位,,アルケミスト,移動する点Ｐ,1531,5
105位,,戦士,毒おじや,1531,5
106位,,戦士,ダーシュ！,1526,5
107位,,武道家,れっどしーふ,1524,5
108位,,シーフ,バイオレット666,1519,5
109位,,アーチャー,凛沖,1518,5
110位,,サマナー,＋ゆい＋,1517,5
111位,,アーチャー,マットレス二宮,1516,5
112位,,ビショップ,あんじ。,1515,5
113位,,獣人,ハードメープル,1512,5
114位,,光奏師,ビッグバイブ佐藤,1512,5
115位,,霊術師,ほりれみ,1511,5
116位,,アーチャー,翼＠fl,1508,5
117位,,シーフ,Silverio_Gospel,1508,5
118位,,霊術師,＠つなまよ,1507,5
119位,,霊術師,南国パンサー,1507,5
120位,,戦士,スガサワ,1507,5
121位,,剣士,＄reef＄,1507,5
122位,,黒魔術師,tumuguu,1505,5
123位,,ランサー,ペったー,1505,5
124位,,アーチャー,・まゆしぃ・,1504,5
125位,,アーチャー,レヴォーグ,1503,5
126位,,アーチャー,Ｌーライトニング,1502,5
127位,,闘士,ｿﾙ・ｽﾄﾗｲﾀﾞｰ,1500,5
128位,,ウィザード,BrightFuture,1497,5
129位,,黒魔術師,お嬢のぱんだぁ,1496,5
130位,,シーフ,祀符,1494,5
131位,,ウィザード,バロシャン,1490,5
132位,,ビショップ,だるま親方♪,1489,5
133位,,武道家,flea♪,1487,5
134位,,獣人,Official髭男爵,1486,5
135位,,悪魔,ブロッコリ～,1486,5
136位,,アーチャー,厚化粧もり子,1484,5
137位,,武道家,もげしふ,1481,5
138位,,黒魔術師,しんどら,1480,5
139位,,闘士,☆ネネチャン,1480,5
140位,,悪魔,ｂｓｋぺしぺし,1476,5
141位,,獣人,Daifuku,1473,5
142位,,戦士,ひろ１００１,1473,5
143位,,アーチャー,超越ゆめんごⅤ,1472,5
144位,,シーフ,パラヌス,1470,5
145位,,ビショップ,冷凍たこやき,1470,5
146位,,ランサー,浅研,1469,5
147位,,武道家,運命の死神,1468,5
148位,,ビショップ,だいこい,1467,5
149位,,メイド,苺桜三玖,1466,5
150位,,リトルウィッチ,ぱるくんリトル,1465,5
151位,,シーフ,ふぁらうぇい,1465,5
152位,,アルケミスト,ﾁｮｴｲ！,1464,5
153位,,戦士,Jナカ,1464,5
154位,,ランサー,カリーネ,1463,5
155位,,黒魔術師,熱色スターマイン,1462,5
156位,,アーチャー,遮那王,1462,5
157位,,黒魔術師,Ｍａid,1461,5
158位,,ビショップ,Norleras,1461,5
159位,,リトルウィッチ,Rachel。,1460,5
160位,,武道家,らんれい,1460,5
161位,,プリンセス,ﾋﾗﾋﾗ☆ミ,1456,5
162位,,ランサー,ゆぴあ,1456,5
163位,,ランサー,Leila。,1455,5
164位,,剣士,しぱらふ,1455,5
165位,,戦士,潜伏期間,1454,5
166位,,黒魔術師,いぬぞう,1453,5
167位,,ウィザード,ワンワンドーモ,1453,5
168位,,霊術師,△万里花△,1452,5
169位,,アーチャー,☆鰰☆,1452,5
170位,,ランサー,大木陸,1452,5
171位,,悪魔,Stardust_reverie,1451,5
172位,,シーフ,ﾅﾙｶﾞｸﾙｶﾞ☆,1450,5
173位,,光奏師,ゆみゃ,1449,5
174位,,霊術師,お試しください♪,1449,5
175位,,マスケッティア,δsnowδ,1448,5
176位,,黒魔術師,桜の華,1447,5
177位,,ウィザード,２２３２,1446,5
178位,,剣士,後転からの前転,1446,5
179位,,戦士,段四郎,1445,5
180位,,獣人,ｇｄ用5,1444,5
181位,,ネクロマンサー,綾ちゃまGDX,1444,5
182位,,追放天使,♪Love_Note♪,1444,5
183位,,ビショップ,回復さんまとうら,1444,5
184位,,獣人,社会の歯車,1442,5
185位,,プリンセス,あふるか。,1441,5
186位,,追放天使,CardinalHeｌios,1441,5
187位,,ネクロマンサー,紀伊魔,1440,5
188位,,プリンセス,ばすこULT,1440,5
189位,,戦士,☆もいちゃん☆,1440,5
190位,,獣人,もりお（6）,1438,5
191位,,ランサー,Tamriel,1438,5
192位,,ウィザード,グラフォード,1438,5
193位,,武道家,余韻,1437,5
194位,,光奏師,ArcanaMirage,1436,5
195位,,アーチャー,マーキψ,1435,5
196位,,ビショップ,ブルブルQ,1435,5
197位,,剣士,ⅩオーウェンⅩ,1435,5
198位,,黒魔術師,40時間お掃除,1434,5
199位,,ビショップ,ルーンレクイエム,1432,5
200位,,闘士,MahoExp,1431,5
201位,,アーチャー,まなみちゃん,1431,5
202位,,ランサー,Mｉnelva,1431,5
203位,,ランサー,トム猫,1431,5
204位,,武道家,たかぴこ,1431,5
205位,,アーチャー,佐々木のぞみ,1430,5
206位,,武道家,のりっく,1430,5
207位,,ウィザード,littleshine,1430,5
208位,,戦士,＄クラウド＄,1429,5
209位,,闘士,◇妖精◇,1428,5
210位,,霊術師,闘ソフィ闘,1428,5
211位,,アルケミスト,inochemist,1427,5
212位,,メイド,ボンボルド,1425,5
213位,,ランサー,アクア・アクア,1425,5
214位,,追放天使,ミ万里花彡,1425,5
215位,,獣人,舞双剣の【殴る】,1424,5
216位,,悪魔,おれおとあぽろ,1424,5
217位,,霊術師,【Verdandi】,1423,5
218位,,戦士,ZeroMega,1423,5
219位,,剣士,nero●,1422,5
220位,,プリンセス,さめ華,1421,5
221位,,武道家,Reeku,1421,5
222位,,ウルフマン,元気もり男,1421,5
223位,,獣人,輝けショタっ子,1420,5
224位,,闘士,和泉紗霧,1420,5
225位,,ランサー,ジェフの７番,1419,5
226位,,黒魔術師,セレティル,1418,5
227位,,武道家,らてぃあす☆,1418,5
228位,,ビショップ,海皇,1418,5
229位,,戦士,世紀末の聖騎士,1417,5
230位,,アルケミスト,3月9日,1415,5
231位,,シーフ,ににお,1415,5
232位,,追放天使,ＯＭＰΣ,1414,5
233位,,アーチャー,ξまりかξ,1412,5
234位,,ビショップ,ゆず塩,1412,5
235位,,ウィザード,もとひろ２,1412,5
236位,,ウィザード,Waterballoon♪,1412,5
237位,,ウィザード,赤エンピツ,1412,5
238位,,キャプテン,ジェフの舟番,1411,5
239位,,獣人,ぺろぺろﾊｧﾊｧ,1410,5
240位,,獣人,レッドリボングン,1410,5
241位,,ビショップ,リヤぴ,1408,5
242位,,キャプテン,キャプテン☆ネネ,1407,5
243位,,獣人,Lightperformer,1407,5
244位,,プリンセス,ミフラ,1407,5
245位,,剣士,chida,1407,5
246位,,アーチャー,萌花ちゃん☆,1406,5
247位,,黒魔術師,魔燦,1405,5
248位,,ランサー,エルシー・アリス,1405,5
249位,,シーフ,バッジオ,1405,5
250位,,ビショップ,△どんすけ△,1405,5
251位,,黒魔術師,ⅩアルチップスⅩ,1404,5
252位,,獣人,運命を呪う死神,1403,5
253位,,獣人,つらあじ,1403,5
254位,,ビショップ,poweredしょう,1402,5
255位,,獣人,nero◇,1401,5
256位,,アーチャー,しろくろこ,1401,5
257位,,ランサー,＠ジェイソン＠,1401,5
258位,,シーフ,shingo100,1401,5
259位,,アルケミスト,五月♪,1400,5
260位,,プリンセス,お暇なﾌﾟﾘﾝｾｽ,1400,5
261位,,アーチャー,カフィーナ,1400,5
262位,,アーチャー,おせんべぇ,1400,5
263位,,武道家,銀九朗,1400,5
264位,,戦士,ちっこちく,1400,5
265位,,ランサー,エルフェリア,1398,5
266位,,ランサー,へへへっへぺ,1397,5
267位,,闘士,ぽにたん,1397,3
268位,,キャプテン,シャブル,1395,5
269位,,ビーストテイマー,Etheldreda,1395,5
270位,,追放天使,ひょーが,1391,5
271位,,闘士,サタジ,1390,5
272位,,ビショップ,ＤＭＺ,1390,5
273位,,プリンセス,dystopia,1389,5
274位,,ランサー,シデ,1389,5
275位,,悪魔,十八番手,1388,5
276位,,アーチャー,HiimTaiga,1388,5
277位,,武道家,フィルデナント,1388,5
278位,,リトルウィッチ,沙貴ちゃん,1387,5
279位,,霊術師,Ψ榴Ψ,1386,5
280位,,アーチャー,トロワ・カイン,1385,5
281位,,ランサー,ぱりばり,1385,5
282位,,ビショップ,てん助,1385,5
283位,,サマナー,bsk団,1384,5
284位,,アーチャー,大自然のキノコ,1384,5
285位,,ランサー,あやまん隊長,1384,5
286位,,武道家,セルティック☆,1384,5
287位,,武道家,ALTIMA．,1384,5
288位,,武道家,義武,1384,5
289位,,獣人,じゅらんだる,1383,5
290位,,アーチャー,イエローフォー,1383,5
291位,,アーチャー,☆naomi☆,1382,5
292位,,ビショップ,miniringo,1382,5
293位,,ウィザード,ハートにトマト☆,1382,5
294位,,ウィザード,ТΗαηαTοｓ,1382,5
295位,,アルケミスト,fabo,1381,5
296位,,ランサー,太古の槍ニケ,1381,0
297位,,アーチャー,HeartKreuz,1380,5
298位,,アーチャー,おばさんULT,1379,5
299位,,ウルフマン,ALTIMA．．,1379,5
300位,,黒魔術師,MapleTea,1378,5
301位,,闘士,僕色凍結,1378,5
302位,,サマナー,あずさがわ,1378,5
303位,,アーチャー,真衣ちゃん,1377,5
304位,,アーチャー,たぴおかIceRain,1377,5
305位,,メイド,ジェフの蝶番,1376,5
306位,,悪魔,Enrise,1376,5
307位,,ビショップ,ちくっちく,1376,5
308位,,ウィザード,ななゃ,1376,5
309位,,アーチャー,モチョム,1375,5
310位,,武道家,πBLACK,1375,5
311位,,剣士,Tsubasa_Cat,1375,5
312位,,アルケミスト,へみそふぃあ,1374,5
313位,,獣人,ちょこてん師,1373,5
314位,,ランサー,◇☆nana☆◇,1373,5
315位,,リトルウィッチ,すず凛,1372,5
316位,,シーフ,うまかっちゃん,1372,5
317位,,光奏師,独眼社員本美青年,1371,5
318位,,獣人,ねくてぃ,1369,5
319位,,武道家,ﾖｰﾝ・ﾊﾞｲﾝﾂｪﾙ,1369,5
320位,,追放天使,鯛KING,1369,5
321位,,悪魔,ラドサヴ,1368,5
322位,,ランサー,YMヨザック,1368,5
323位,,ランサー,クイーンギャング,1366,5
324位,,ビショップ,美桜ちゃん,1366,5
325位,,黒魔術師,ルンド♪,1365,5
326位,,黒魔術師,†鳳仙花,1365,5
327位,,ビショップ,gd用１５,1363,5
328位,,シーフ,ｻﾙｱ・ｿﾘｭｰド,1362,5
329位,,追放天使,neroγ,1362,5
330位,,ウィザード,ﾃｸﾆｶﾙｶﾞｲｼﾞ,1361,5
331位,,戦士,cuberしょう,1361,5
332位,,霊術師,中辛ねーちゃん,1360,5
333位,,ビーストテイマー,∫manipulate∫,1360,5
334位,,プリンセス,marsborn42,1359,5
335位,,ランサー,レジェラ,1359,5
336位,,ビショップ,コルベニクスξ,1359,5
337位,,戦士,IRONHIDE．,1359,5
338位,,追放天使,しげびす,1358,5
339位,,剣士,まるがり,1358,5
340位,,追放天使,ｌ01,1357,5
341位,,黒魔術師,チャンアル,1356,5
342位,,アーチャー,パブチーノ,1356,5
343位,,ランサー,エト茶,1356,5
344位,,霊術師,おかまこ,1355,5
345位,,アーチャー,kazuha①,1355,5
346位,,アーチャー,しょこ,1355,5
347位,,ビショップ,SaBravo,1355,5
348位,,ビーストテイマー,ﾌﾙｰﾙﾀﾞﾝﾃﾙﾃﾞｨ,1354,5
349位,,獣人,フィル･ノワール,1351,5
350位,,戦士,BlackT,1350,5
351位,,剣士,taisei333,1347,5
352位,,サマナー,nbkdoll,1345,5
353位,,戦士,肛門亭そよ風,1345,5
354位,,黒魔術師,☆ティロ☆,1344,5
355位,,ビショップ,水鯖＠たっくん,1344,5
356位,,リトルウィッチ,ロザ～ナ,1343,5
357位,,ビショップ,じゃがいも主任,1340,5
358位,,キャプテン,トリクシー,1339,5
359位,,シーフ,xこうちゃんx,1339,5
360位,,プリンセス,☆☆あやな☆☆,1338,5
361位,,黒魔術師,§里音§,1337,5
362位,,獣人,ジィルト,1337,5
363位,,獣人,millay,1335,5
364位,,ウルフマン,ぷちょへんざ！,1335,5
365位,,アーチャー,☆綺麗☆,1334,5
366位,,黒魔術師,赤い炊飯器のｼﾞｬｰ,1333,5
367位,,アーチャー,渚凪,1332,5
368位,,武道家,コーヒー乳牛,1332,5
369位,,リトルウィッチ,ちびぃ妃,1330,5
370位,,黒魔術師,ガルン黒,1328,5
371位,,シーフ,newkoara,1328,5
372位,,剣士,デイトレーダー,1328,5
373位,,ビショップ,newホイール,1327,5
374位,,黒魔術師,佐久夜,1325,5
375位,,悪魔,せし,1325,5
376位,,武道家,DAZAI佑,1324,5
377位,,シーフ,乾いた味噌汁,1324,5
378位,,黒魔術師,あなたに,1323,5
379位,,アーチャー,カッパマル,1323,5
380位,,ウィザード,ナットウキナーゼ,1321,5
381位,,マスケッティア,あんよはじょうず,1316,5
382位,,シーフ,ゴアメタル,1315,5
383位,,黒魔術師,Schwarz_blitzen,1314,5
384位,,ランサー,Alfyn,1314,5
385位,,武道家,美柑姫,1314,5
386位,,黒魔術師,鬼人☆正邪,1313,5
387位,,アーチャー,ですてふぁｎ,1313,5
388位,,アーチャー,フォトナ,1312,5
389位,,ランサー,バッツマソ,1312,5
390位,,ビショップ,ｂｓｋいるよ,1312,5
391位,,ウィザード,yoida,1312,5
392位,,ビーストテイマー,kasumi07,1311,5
393位,,武道家,ヤシャマルJr,1311,5
394位,,闘士,あいどるはっちゅ,1310,5
395位,,悪魔,魔佐愉希,1310,5
396位,,ランサー,放置少女AA,1310,5
397位,,ビショップ,なめだるま,1310,5
398位,,獣人,♂Mangosteen♀,1309,5
399位,,ネクロマンサー,ШｻｲﾊﾞﾊﾞШ,1309,5
400位,,アーチャー,BadSweetTrap,1308,5
401位,,ランサー,ちくわぶ子,1308,5
402位,,ランサー,PitCycle,1308,5
403位,,シーフ,いみそ～れ,1308,5
404位,,ビショップ,ψ鉢架ψ,1308,5
405位,,剣士,REONREON,1308,5
406位,,ビショップ,☆封真☆,1307,5
407位,,戦士,でゅらんたる,1307,5
408位,,剣士,shnzi,1307,5
409位,,剣士,貝塚勃起もぐら,1307,5
410位,,アルケミスト,bsk仮面,1306,5
411位,,ランサー,rukina,1306,5
412位,,シーフ,☆魚京☆,1306,5
413位,,剣士,サレックス,1306,5
414位,,獣人,†ユニ子†,1305,5
415位,,アーチャー,遊眞,1305,5
416位,,追放天使,びっさん,1305,5
417位,,ウィザード,みそ味のゴリラ,1305,5
418位,,ビーストテイマー,北国ウルフ,1304,5
419位,,シーフ,0zero,1304,5
420位,,ランサー,жElzaж,1303,5
421位,,アルケミスト,嶋太郎,1302,5
422位,,武道家,流刻,1302,5
423位,,シーフ,ミラクルラスター,1302,5
424位,,シーフ,史上最悪の盗賊,1301,5
425位,,追放天使,ギガルクス,1301,5
426位,,ビショップ,すごい肩幅の男性,1301,5
427位,,戦士,リンゾウ,1301,5
428位,,戦士,白もつ,1301,5
429位,,メイド,ごまパンダ,1300,5
430位,,ランサー,マフィア,1300,5
431位,,ランサー,コマ足,1300,5
432位,,シーフ,機動破壊,1300,5
433位,,悪魔,newアプリ,1299,5
434位,,リトルウィッチ,ルーティカ,1299,5
435位,,ランサー,∬愛凛∬,1299,5
436位,,戦士,奇襲,1299,5
437位,,獣人,Altemisfoul925,1298,5
438位,,サマナー,プルメイア,1298,5
439位,,ウィザード,甄姫T,1298,5
440位,,ウィザード,ﾄﾞﾗｯｸﾞｽﾄｱﾓﾘ♪,1298,5
441位,,黒魔術師,ψ黒雪姫ψ,1297,5
442位,,黒魔術師,ｱﾗﾝｼﾞｱﾛﾝｿﾞ黒ﾒｲﾄﾞ,1297,5
443位,,ランサー,バニラブルー,1297,5
444位,,獣人,matakitesikaku,1295,5
445位,,アーチャー,ﾚｲﾗ・ﾏﾙｶﾙ,1295,5
446位,,武道家,サイレントブーツ,1294,5
447位,,戦士,勇者☆藻邪,1294,5
448位,,霊術師,加茂野理緒,1293,5
449位,,アーチャー,セルベリア孫尚香,1293,5
450位,,剣士,emersion,1293,5
451位,,霊術師,AbigailWilliams,1292,5
452位,,悪魔,しば犬（黒）,1292,5
453位,,アーチャー,蒼冷,1292,5
454位,,アーチャー,ヒママ,1291,5
455位,,武道家,金竜☆,1291,5
456位,,ビショップ,ハスラー３,1291,5
457位,,霊術師,はれいくいん,1290,5
458位,,ランサー,ティダ射手,1290,5
459位,,ランサー,耶摩蘭紗,1290,5
460位,,武道家,須魅斗,1290,5
461位,,ランサー,GLASS７”,1289,5
462位,,ランサー,或斗ティナ,1289,5
463位,,シーフ,siriusu☆,1289,5
464位,,剣士,GLASS７“,1289,5
465位,,悪魔,sylvanshine,1288,5
466位,,プリンセス,ぺんでゅらむ,1288,5
467位,,ランサー,ここあΣ,1288,5
468位,,ランサー,ララランサー,1287,5
469位,,サマナー,ポポルコ,1285,5
470位,,シーフ,どぽ,1285,5
471位,,戦士,Waldan,1285,5
472位,,黒魔術師,らぶまいど♪,1284,5
473位,,リトルウィッチ,ゆるせぽね,1284,5
474位,,武道家,yuugo♪,1284,5
475位,,ビショップ,ホイミライタン,1284,5
476位,,剣士,はみみん,1284,5
477位,,リトルウィッチ,あしゅ☆,1283,5
478位,,プリンセス,エルフィアナ,1283,5
479位,,追放天使,サイブレス,1283,5
480位,,黒魔術師,Coosuk,1282,5
481位,,リトルウィッチ,さけのいきおい！,1282,5
482位,,プリンセス,星空シンフォニー,1282,5
483位,,ウィザード,Peach∀,1282,5
484位,,獣人,何松氏,1281,5
485位,,獣人,LOleX,1281,5
486位,,ウルフマン,GAME,1281,5
487位,,戦士,ファイア＆デス,1281,5
488位,,プリンセス,脳障害アスペ姫,1280,5
489位,,プリンセス,ハナモモ,1280,5
490位,,ランサー,キーシア,1280,5
491位,,ランサー,CaCari,1280,5
492位,,シーフ,ハルポン５,1280,5
493位,,アーチャー,天´,1279,5
494位,,ウィザード,卍ろと卍,1279,5
495位,,アルケミスト,ブラハが至高,1278,5
496位,,黒魔術師,アーデンダーク,1278,5
497位,,黒魔術師,絶対許さない。,1278,5
498位,,ランサー,ハハク,1278,5
499位,,黒魔術師,celestially,1277,5
500位,,ネクロマンサー,クラセレ,1277,5
501位,,リトルウィッチ,いり田かす子,1277,5
502位,,ランサー,kodomow,1277,5
503位,,ウィザード,bashar24,1277,5
504位,,戦士,ヒ．ビ,1277,5
505位,,黒魔術師,狩る子,1276,5
506位,,獣人,kodomob,1275,5
507位,,サマナー,亜鬼,1275,5
508位,,アーチャー,丸刈,1275,5
509位,,アーチャー,シルバーのカレン,1275,5
510位,,ビショップ,ねも,1275,5
511位,,アルケミスト,ソクラテスン,1274,5
512位,,光奏師,Parca_Luna,1274,5
513位,,ネクロマンサー,AxxxiS,1274,5
514位,,ランサー,遮那姫,1274,5
515位,,アルケミスト,H4M10,1273,5
516位,,アーチャー,点灯滅,1273,5
517位,,ランサー,ダイ1122,1273,5
518位,,黒魔術師,ゆにぃ,1272,5
519位,,光奏師,魔法少年ﾄﾞﾝﾁｬﾝ,1272,5
520位,,霊術師,SKサン,1272,5
521位,,ビショップ,時間がないのよ！,1272,5
522位,,アルケミスト,ちしオジ,1271,5
523位,,ランサー,ななゃん,1271,5
524位,,追放天使,LimIce,1271,5
525位,,ウィザード,えいにゃ,1271,5
526位,,戦士,樋口ｗｗ,1271,5
527位,,戦士,勇者様A,1271,5
528位,,霊術師,Revoked,1270,5
529位,,リトルウィッチ,黒き情動,1270,5
530位,,アーチャー,erable_chatte,1270,5
531位,,シーフ,こおｒ,1270,5
532位,,ウィザード,ｴﾙﾊﾞｳﾞｪｰﾙ,1270,5
533位,,黒魔術師,ジィーレ,1269,5
534位,,黒魔術師,まめふりー,1269,5
535位,,プリンセス,ﾄｪｪｪｪｲ,1269,5
536位,,アーチャー,￡プレミア￡,1269,5
537位,,武道家,マヨっシーX２,1269,5
538位,,ウィザード,うぃざど,1269,5
539位,,獣人,白髪ぱいせん,1268,5
540位,,獣人,☆Ocean☆,1268,5
541位,,サマナー,☆ミルリ☆,1268,5
542位,,アーチャー,Artillery,1268,5
543位,,アルケミスト,STAP,1267,5
544位,,黒魔術師,黒魔のたぬ子,1267,5
545位,,悪魔,はぃぃろ,1267,5
546位,,武道家,神拳龍,1267,5
547位,,ビショップ,クロノポリス,1267,5
548位,,リトルウィッチ,にゃんぱすー,1266,5
549位,,リトルウィッチ,ランテット,1266,5
550位,,ランサー,すきっぷふろあ,1266,5
551位,,ウィザード,なのぴよ,1266,5
552位,,戦士,Mozo,1266,5
553位,,剣士,バリュースター,1266,5
554位,,キャプテン,鋼の味噌汁,1265,5
555位,,リトルウィッチ,かや☆か～や,1265,5
556位,,ビーストテイマー,オドメール,1265,5
557位,,アーチャー,Natsuki♪,1265,5
558位,,アーチャー,オルティナ少尉,1265,5
559位,,ランサー,ありるん,1265,5
560位,,ウィザード,アステロイド,1265,5
561位,,剣士,びす太,1265,5
562位,,黒魔術師,黒魔術師レルク,1264,5
563位,,悪魔,マックフルーリ,1264,5
564位,,プリンセス,ミニモル,1264,5
565位,,ビショップ,バレテン,1264,5
566位,,剣士,蒙古タンメン中本,1264,5
567位,,剣士,shingo10,1264,5
568位,,プリンセス,バリパリ,1263,5
569位,,アーチャー,エルぜリオン,1263,5
570位,,アーチャー,哀愁トワイライト,1263,5
571位,,アーチャー,さぷら～ぃず☆,1263,5
572位,,ランサー,†エレハイム†,1263,5
573位,,武道家,ゆもよ,1263,5
574位,,ウィザード,黒蝮のmasa,1263,5
575位,,光奏師,Costa,1262,5
576位,,霊術師,カーマは気まぐれ,1262,5
577位,,プリンセス,♪れいな♪,1262,5
578位,,プリンセス,ごまあらし,1262,5
579位,,アーチャー,某ランサーちゃん,1262,5
580位,,アーチャー,POISON・ULTIMA,1262,5
581位,,ランサー,ﾛｰｽﾞﾄﾞｸﾛｴ,1262,5
582位,,武道家,ｓｋサン,1262,5
583位,,シーフ,はるかちゃ～ん,1262,5
584位,,ウィザード,ポルトランド,1262,5
585位,,黒魔術師,美輪明宏Nx,1261,5
586位,,獣人,Partition,1261,5
587位,,プリンセス,☆ぐれ子☆,1261,5
588位,,プリンセス,ロックブーケξ,1261,5
589位,,サマナー,We_Are_One,1261,5
590位,,アーチャー,紗那姫,1261,5
591位,,追放天使,天使乃子,1261,5
592位,,戦士,死神のJ,1261,5
593位,,霊術師,ｸﾛﾉｽﾀｼｽ,1260,5
594位,,リトルウィッチ,彩華浪漫,1260,5
595位,,プリンセス,ポワトリン_,1260,5
596位,,アーチャー,炎美里,1260,5
597位,,アーチャー,ワーナーⅡ,1260,5
598位,,ランサー,モルル☆ラン,1260,5
599位,,ランサー,毒おじや・改,1260,5
600位,,ランサー,ﾊﾟﾜｰｶﾞｲｼﾞ,1260,5
601位,,ウィザード,ニョアの一番弟子,1260,5
602位,,アルケミスト,豚肉大好き幸次郎,1259,5
603位,,黒魔術師,Rucent,1259,5
604位,,アーチャー,隣神ちゃん,1259,5
605位,,アーチャー,ЖKirkeЖ,1259,5
606位,,ランサー,ｶﾅﾒΔﾊﾞｯｶﾆｱ,1259,5
607位,,シーフ,Kitchengang,1259,5
608位,,シーフ,Leo_☆,1259,5
609位,,ウィザード,うぃの,1259,5
610位,,ウィザード,Another_World,1259,5
611位,,プリンセス,Floating,1258,5
612位,,プリンセス,こいろ,1258,5
613位,,アーチャー,りりぽん♪,1258,5
614位,,アーチャー,Dreamtale,1258,5
615位,,武道家,Jack・Steal,1258,5
616位,,ウルフマン,Zarya,1258,5
617位,,ウィザード,πRosenkreutzπ,1258,5
618位,,ウィザード,ろじうむ,1258,5
619位,,獣人,Daihuku,1257,5
620位,,闘士,Zarathustra†,1257,5
621位,,悪魔,ポイズンお姉さん,1257,5
622位,,ネクロマンサー,元大統領。,1257,5
623位,,リトルウィッチ,nana姫♪,1257,5
624位,,プリンセス,瑠璃垣,1257,5
625位,,アーチャー,ジェフの七番,1257,5
626位,,アーチャー,☆☆ぱるきあ☆☆,1257,5
627位,,アーチャー,☆Eternal☆,1257,5
628位,,ランサー,アトラスダム,1257,5
629位,,ランサー,ＹＵＫＩ☆ＲＩＮ,1257,5
630位,,武道家,∬保湿ペーパー∬,1257,5
631位,,追放天使,聖梛,1257,5
632位,,ウィザード,ひろお。,1257,5
633位,,戦士,晴風ⅡY469,1257,5
634位,,アルケミスト,砥夢,1257,0
635位,,黒魔術師,kuna_,1256,5
636位,,黒魔術師,カマちゃ＊ミ,1256,5
637位,,光奏師,Claria,1256,5
638位,,霊術師,霧榎,1256,5
639位,,悪魔,対角線上の片思い,1256,5
640位,,ネクロマンサー,kp理論,1256,5
641位,,ビーストテイマー,れい奈,1256,5
642位,,アーチャー,†Lancer・Dart†,1256,5
643位,,ランサー,地球温暖化を防ぐ,1256,5
644位,,ランサー,ふたごちゃん,1256,5
645位,,ランサー,疾風のかるちょ,1256,5
646位,,武道家,ｲｽﾗﾌｪﾙ,1256,5
647位,,武道家,ﾉﾗﾐｬｵｼｰﾌ,1256,5
648位,,追放天使,弾ける汗,1256,5
649位,,ビショップ,カイザー001,1256,5
650位,,ウィザード,∬鈴∬,1256,5
651位,,ウィザード,marsborn,1256,5
652位,,剣士,о鶴丸国永о,1256,5
653位,,黒魔術師,ティアラ朔,1255,5
654位,,悪魔,エストリエ,1255,5
655位,,リトルウィッチ,KISS_of_DEATH”,1255,5
656位,,プリンセス,うにチャーハン,1255,5
657位,,サマナー,ぽちねこ０２,1255,5
658位,,武道家,〓ガラ〓,1255,5
659位,,ビショップ,ｽﾞｷｭｳｳｩﾝ,1255,5
660位,,ウィザード,今宵の月のように,1255,5
661位,,ウィザード,ライキキ,1255,5
662位,,ウィザード,ダナン,1255,5
663位,,ウィザード,ＪＥＮＮＹ,1255,5
664位,,黒魔術師,ストロベル,1254,5
665位,,黒魔術師,メル・マリー,1254,5
666位,,黒魔術師,ルリレ,1254,5
667位,,獣人,黒デミバーグ,1254,5
668位,,獣人,煌帝りぽたん,1254,5
669位,,光奏師,光撃者まもちゃん,1254,5
670位,,霊術師,物理でゴリゴリ,1254,5
671位,,ネクロマンサー,デイドラのいぬ,1254,5
672位,,リトルウィッチ,こぐまちゃん☆,1254,5
673位,,プリンセス,あかねの坂,1254,5
674位,,ビーストテイマー,coolcolor,1254,5
675位,,ビーストテイマー,ぷーさんだよぉ♪,1254,5
676位,,アーチャー,えすめらるだ,1254,5
677位,,アーチャー,ハルちゃん☆,1254,5
678位,,アーチャー,☆ﾃｸｽﾁｬ☆,1254,5
679位,,ランサー,ばらの花,1254,5
680位,,ランサー,フィル･ド･レナス,1254,5
681位,,ランサー,ξキュアξ,1254,5
682位,,武道家,水兎子竜,1254,5
683位,,武道家,＄貧ちゃん紙さま,1254,5
684位,,追放天使,れいちえる。,1254,5
685位,,アルケミスト,べり地図,1253,5
686位,,黒魔術師,Todfeind,1253,5
687位,,黒魔術師,サタケ,1253,5
688位,,獣人,ｾﾝﾄﾁﾋﾛﾁｯﾁ,1253,5
689位,,獣人,まるがり参式,1253,5
690位,,獣人,うに姫。,1253,5
691位,,光奏師,Ｃ．Ｃ．☆彡,1253,5
692位,,闘士,獣を司る死神,1253,5
693位,,霊術師,鎌女とか怖いだろ,1253,5
694位,,悪魔,佐々木良太,1253,5
695位,,プリンセス,ちゃん☆ぽ娘01,1253,5
696位,,プリンセス,をるりむ,1253,5
697位,,プリンセス,ちゃん☆ぽ児01,1253,5
698位,,プリンセス,ちゃん☆ぽ個01,1253,5
699位,,プリンセス,ちゃん☆ぽ古01,1253,5
700位,,アーチャー,鳳煉,1253,5
701位,,ランサー,まーち♪,1253,5
702位,,ランサー,ローゼンティア,1253,5
703位,,シーフ,夕波千鳥,1253,5
704位,,追放天使,MuscledMan,1253,5
705位,,追放天使,￥神樣家族￥,1253,5
706位,,ビショップ,ゆずり葉,1253,5
707位,,ビショップ,青緋珊瑚,1253,5
708位,,ウィザード,すいまる,1253,5
709位,,キャプテン,ψCaptain・Jψ,1252,5
710位,,キャプテン,Richele,1252,5
711位,,黒魔術師,にゃふぽっくる,1252,5
712位,,闘士,GOLDHIDE．,1252,5
713位,,リトルウィッチ,FruitsDaifuku,1252,5
714位,,リトルウィッチ,たぬみ,1252,5
715位,,プリンセス,ミトゥナ,1252,5
716位,,プリンセス,ののんこ,1252,5
717位,,プリンセス,ベリ鏡３,1252,5
718位,,プリンセス,ちゃん☆ぽ仔01,1252,5
719位,,プリンセス,ちゃん☆ぽ子01,1252,5
720位,,プリンセス,ジェフの01番,1252,5
721位,,サマナー,ゆうぼんβ,1252,5
722位,,サマナー,凍冬,1252,5
723位,,ビーストテイマー,☆дテイマд☆,1252,5
724位,,ビーストテイマー,☆☆綾那☆☆,1252,5
725位,,アーチャー,OMPΣ,1252,5
726位,,ランサー,ﾗﾌﾞｱﾛｰｼｭｰﾄ☆,1252,5
727位,,ランサー,Artemisfoul0925,1252,5
728位,,ランサー,詩～Uta～,1252,5
729位,,追放天使,Ambiguousu,1252,5
730位,,追放天使,あしでぃー,1252,5
731位,,ビショップ,ﾍﾟﾍﾟﾛﾝﾁｰﾉ伯爵,1252,5
732位,,ウィザード,Jack・Wizard,1252,5
733位,,ウィザード,☆虎児☆,1252,5
734位,,ウィザード,WolLim,1252,5
735位,,ウィザード,くじら丸,1252,5
736位,,剣士,光軍,1252,5
737位,,アルケミスト,モロロモルル☆,1251,5
738位,,アルケミスト,MASK_,1251,5
739位,,黒魔術師,しげくろま,1251,5
740位,,黒魔術師,殴るメイドさん,1251,5
741位,,黒魔術師,焔霞紫苑,1251,5
742位,,獣人,M＆N’ｓ,1251,5
743位,,獣人,†SunnySideUp†,1251,5
744位,,光奏師,ZenBook,1251,5
745位,,光奏師,貝塚勃起ショタ,1251,5
746位,,光奏師,雑魚っち,1251,5
747位,,霊術師,ビッグマック,1251,5
748位,,霊術師,√水の月,1251,5
749位,,悪魔,Riful,1251,5
750位,,悪魔,Thoughtcast,1251,5
751位,,ネクロマンサー,不純物100％,1251,5
752位,,ネクロマンサー,JUNKU,1251,5
753位,,リトルウィッチ,超泡姫,1251,5
754位,,プリンセス,TimeStepRabbit,1251,5
755位,,プリンセス,confetti,1251,5
756位,,プリンセス,もり山もり子,1251,5
757位,,プリンセス,そこらの民衆_X,1251,5
758位,,プリンセス,萌えぱんだぁ,1251,5
759位,,サマナー,♪ミルリ♪,1251,5
760位,,サマナー,みるり,1251,5
761位,,ビーストテイマー,風水サマナー,1251,5
762位,,アーチャー,Ruka_,1251,5
763位,,アーチャー,しげあちゃ,1251,5
764位,,アーチャー,ﾊﾟﾊﾟｳﾊﾟｳﾊﾟｳ,1251,5
765位,,ランサー,Xウォンテッド,1251,5
766位,,ランサー,裁縫師平坂かなめ,1251,5
767位,,ランサー,銃兎さん,1251,5
768位,,ランサー,喫茶TurQuoise,1251,5
769位,,ランサー,夢の話,1251,5
770位,,ランサー,あんにんどーふ,1251,5
771位,,ランサー,mayume,1251,5
772位,,ランサー,neori34,1251,5
773位,,ランサー,むっつり五郎さん,1251,5
774位,,ランサー,我地獄果行見物有,1251,5
775位,,武道家,ゼノサイレント,1251,5
776位,,武道家,☆龍児☆,1251,5
777位,,武道家,エミーラ,1251,5
778位,,シーフ,TOUGH＿BOY,1251,5
779位,,シーフ,ちびのっぽ,1251,5
780位,,追放天使,デボン・レックス,1251,5
781位,,ウルフマン,ルイン（叡智,1251,5
782位,,ウィザード,白猫の民衆,1251,5
783位,,ウィザード,めぐ子♪,1251,5
784位,,ウィザード,青春行進曲,1251,5
785位,,ウィザード,誕生花,1251,5
786位,,ウィザード,ビオレおじさん,1251,5
787位,,戦士,simasakon,1251,5
788位,,剣士,Stray_Lamb,1251,5
789位,,剣士,κⅰтаκци,1251,5
790位,,キャプテン,ファラ岡アテム,1250,5
791位,,キャプテン,ﾏｲｹﾙ・ﾏｲﾔｰｽﾞ,1250,5
792位,,アルケミスト,マヌケなマスケ,1250,5
793位,,アルケミスト,双子の兄,1250,5
794位,,黒魔術師,りむあいす,1250,5
795位,,黒魔術師,燐然,1250,5
796位,,黒魔術師,おとっちゃん,1250,5
797位,,獣人,SateliteHimawari,1250,5
798位,,獣人,omlet,1250,5
799位,,獣人,∬bestinfant∬,1250,5
800位,,獣人,89番目の,1250,5
801位,,獣人,Warrior_of_Light,1250,5
802位,,獣人,Mysh＾－＾,1250,5
803位,,獣人,Geminorumβ,1250,5
804位,,獣人,ﾁｮｳｪｲ！,1250,5
805位,,獣人,エル一世,1250,5
806位,,光奏師,らるまる,1250,5
807位,,霊術師,ヴィルシーナ,1250,5
808位,,霊術師,ほんげー,1250,5
809位,,悪魔,Ｒachel．,1250,5
810位,,悪魔,－StarDust－,1250,5
811位,,ネクロマンサー,むりくり,1250,5
812位,,ネクロマンサー,ＨＡＲＵＫＡＺＥ,1250,5
813位,,ネクロマンサー,あくまり,1250,5
814位,,ネクロマンサー,らの。,1250,5
815位,,リトルウィッチ,cuteしょう,1250,5
816位,,リトルウィッチ,そら色,1250,5
817位,,リトルウィッチ,仮面サポート,1250,5
818位,,プリンセス,frostynight,1250,5
819位,,プリンセス,SnowyTears,1250,5
820位,,プリンセス,椿’,1250,5
821位,,プリンセス,青春アヒージョ,1250,5
822位,,サマナー,まにゃ☆文鳥,1250,5
823位,,サマナー,∮ミルリ∮,1250,5
824位,,ビーストテイマー,♭ミルリ♭,1250,5
825位,,ビーストテイマー,♯ミルリ♯,1250,5
826位,,アーチャー,flumina,1250,5
827位,,アーチャー,れーちぇる。,1250,5
828位,,アーチャー,ψまりかψ,1250,5
829位,,アーチャー,モデルぱいせん,1250,5
830位,,ランサー,ファンディーナ,1250,5
831位,,ランサー,はあとふる,1250,5
832位,,ランサー,らんるる,1250,5
833位,,ランサー,♪ひま♪,1250,5
834位,,ランサー,届いたらいいな,1250,5
835位,,ランサー,ふたごてゃん,1250,5
836位,,ランサー,双子アーチャー,1250,5
837位,,武道家,当麻宗三郎,1250,5
838位,,武道家,殴るんです,1250,5
839位,,ウルフマン,ろんめる犬,1250,5
840位,,ウルフマン,ダークジュノン,1250,5
841位,,ウィザード,M1y4ke,1250,5
842位,,ウィザード,GorariMan,1250,5
843位,,戦士,ランボー怒りのRT,1250,5
844位,,剣士,しげ剣士,1250,5
845位,,剣士,ぽろりんちゅう,1250,5
846位,,剣士,るびちゃん,1250,5
847位,,リトルウィッチ,みりぽ,1249,5
848位,,ウィザード,ｎational,1249,5
849位,,ウィザード,炎楓,1249,5
850位,,ランサー,☆☆舞姫☆☆,1249,4
851位,,シーフ,風_wind,1249,3
852位,,光奏師,ぴこＱ,1248,5
853位,,リトルウィッチ,姫エステル姫,1248,5
854位,,プリンセス,ジュウ姫,1247,5
855位,,獣人,ミルポワ,1246,5
856位,,リトルウィッチ,しゅがみぃ,1245,5
857位,,ビショップ,大天使アーク,1245,5
858位,,シーフ,いいとも♪,1244,5
859位,,ウィザード,―Barcelona―,1244,5
860位,,獣人,モロロモルル,1243,5
861位,,獣人,＊アルチッブス＊,1243,5
862位,,ビーストテイマー,ピモンドゥアンジ,1243,5
863位,,ビーストテイマー,Ψmo☆moΨ,1243,5
864位,,武道家,鳶梟,1243,5
865位,,アーチャー,イタクァ,1241,5
866位,,黒魔術師,銀黒魔,1240,5
867位,,ウィザード,狂犬ぱんだぁ,1240,5
868位,,闘士,あとはまかせた！,1239,5
869位,,戦士,イ建２,1238,5
870位,,ビーストテイマー,ブルートパーズ,1237,5
871位,,霊術師,kodomom,1236,5
872位,,アーチャー,にゃふっちゃ,1235,5
873位,,アーチャー,＋夜兎,1234,5
874位,,悪魔,ミュウミュウ☆,1233,5
875位,,ランサー,RedEmelard,1233,5
876位,,剣士,Purifuku,1232,5
877位,,アーチャー,プリュネル,1231,5
878位,,剣士,運命と闘う死神,1231,5
879位,,アーチャー,Lfina,1230,5
880位,,ランサー,キャロット浅草,1230,5
881位,,ウィザード,マリント,1230,5
882位,,アーチャー,Rosenritter2,1229,5
883位,,シーフ,neko殺除菌♪,1228,5
884位,,剣士,マッセナ紅閣下,1228,5
885位,,アルケミスト,つむけみ,1227,5
886位,,ランサー,楽天ｻｰﾋﾞｽ（極）,1226,5
887位,,ランサー,どあらてゃん,1226,5
888位,,追放天使,ぜんたく,1226,5
889位,,戦士,TS020,1226,5
890位,,ランサー,ジュレット,1225,5
891位,,リトルウィッチ,魔女っ子猫ちゃん,1224,5
892位,,ランサー,レカシア,1223,5
893位,,武道家,り～む,1223,3
894位,,プリンセス,Answererの嫁,1222,5
895位,,ランサー,ekuseria,1222,5
896位,,シーフ,バルザス,1222,5
897位,,霊術師,ちまたん,1221,5
898位,,ビショップ,つっぺ☆,1221,5
899位,,ランサー,プラティニ,1220,5
900位,,ビショップ,♪チョコボール♪,1220,5
901位,,闘士,コムラガエリ,1219,5
902位,,光奏師,割れた鏡,1218,5
903位,,ランサー,masters,1218,5
904位,,黒魔術師,銀の黒魔術師,1217,5
905位,,獣人,クロヌマ,1217,5
906位,,悪魔,紅薔薇ｋ,1217,5
907位,,ランサー,槍を回す人,1217,5
908位,,武道家,Ｌouis,1217,5
909位,,ウィザード,１ｓｔインパクト,1217,5
910位,,闘士,ニョアの七番弟子,1216,5
911位,,霊術師,ぺぺろんち,1216,5
912位,,アーチャー,笑代,1216,5
913位,,ランサー,ちかちゃんマン,1216,5
914位,,闘士,いのししん,1215,5
915位,,リトルウィッチ,臨臨,1215,5
916位,,ランサー,Rubee_,1215,5
917位,,メイド,冥途,1214,5
918位,,リトルウィッチ,nii♪,1214,5
919位,,剣士,KING・OF・DT,1214,5
920位,,メイド,ИはいきИ,1212,5
921位,,サマナー,ミニミニ娘,1212,5
922位,,戦士,Casty,1212,5
923位,,アルケミスト,アル・ケ・ミスト,1211,5
924位,,黒魔術師,ｳｪﾙﾐｽ・ﾐｽﾃﾘｲｽ,1211,5
925位,,獣人,生麒麟,1211,5
926位,,ネクロマンサー,ﾃﾞｨﾒﾝｼﾞｮﾝﾌｫｰｽ,1211,5
927位,,武道家,晴９０１,1210,5
928位,,ウィザード,山田准士,1210,5
929位,,シーフ,スターダストン,1209,5
930位,,黒魔術師,ぽりえすてる,1208,5
931位,,黒魔術師,香辛料Ex,1208,5
932位,,獣人,ぴくるすさん,1208,5
933位,,獣人,CHUMS,1208,5
934位,,アーチャー,†翠,1208,5
935位,,シーフ,Blurry_Eyes,1208,5
936位,,獣人,ＣＳＦ,1207,5
937位,,リトルウィッチ,きょーたる,1207,5
938位,,アーチャー,kazuha②,1207,5
939位,,ランサー,＊はーみっと＊,1207,5
940位,,武道家,InfiniteLoop,1207,5
941位,,武道家,カイト・J,1207,5
942位,,アーチャー,叶雨夢,1206,5
943位,,ランサー,☆ｻｲﾊﾞﾊﾞ☆,1206,5
944位,,ウィザード,Lavendura,1206,5
945位,,ウィザード,☆夢露くん☆,1206,5
946位,,戦士,syuichiro,1206,5
947位,,ビーストテイマー,ＴＡＲＫ☆,1205,5
948位,,ランサー,neoroco,1205,5
949位,,シーフ,§AVENGER§,1205,5
950位,,戦士,北斗の剣士郎,1205,5
951位,,キャプテン,殴る船長さん,1204,5
952位,,メイド,Eikar,1204,5
953位,,獣人,ルイン（怪傑,1204,5
954位,,ウルフマン,ガブ犬,1204,5
955位,,ウィザード,イニアド,1204,5
956位,,ウィザード,GGdude,1204,5
957位,,黒魔術師,敏感マン,1203,5
958位,,サマナー,アリア社長．,1203,5
959位,,追放天使,派ー！！！！,1203,5
960位,,ウルフマン,βとらドラβ,1203,5
961位,,ビショップ,ロンド･ヴィド,1202,5
962位,,ビショップ,ダイ先生,1202,5
963位,,戦士,柚子雛,1202,5
964位,,リトルウィッチ,姫川凛音,1201,5
965位,,リトルウィッチ,シロタエギク,1201,5
966位,,武道家,hidezairu6,1201,5
967位,,ウィザード,D・cloud,1201,5
968位,,戦士,台風ブンブン,1201,5
969位,,プリンセス,日之出蘭,1201,0
970位,,黒魔術師,石原さとみ♪,1200,5
971位,,黒魔術師,おやすみ枕,1200,5
972位,,獣人,光燦,1200,5
973位,,霊術師,かけら出しガンバ,1200,5
974位,,霊術師,リーペスト,1200,5
975位,,ランサー,禮影,1200,5
976位,,追放天使,羽ばたくみかん,1200,5
977位,,戦士,ｽﾌﾟﾗｯｼｭｶﾞｲｼﾞ,1200,5
978位,,戦士,うまえもん,1200,5
979位,,霊術師,DerTod,1199,5
980位,,悪魔,亜季ちゃん,1199,5
981位,,ランサー,bashar13,1199,5
982位,,ランサー,凛冲,1199,5
983位,,サマナー,しょーい,1198,5
984位,,ウィザード,イーオン☆ミ,1198,5
985位,,黒魔術師,舞台をおりて,1197,5
986位,,アーチャー,アラドーモォ,1197,5
987位,,メイド,もこあψ,1196,5
988位,,獣人,chuxixixi,1196,5
989位,,光奏師,司令だんちょー,1196,5
990位,,アーチャー,ジャッカルMK2,1196,5
991位,,ランサー,ココラテ,1196,5
992位,,武道家,「ミギー」,1196,5
993位,,シーフ,†青い彗星†,1196,5
994位,,ビショップ,ぴよぴよ院長,1196,5
995位,,獣人,大陽の翼,1195,5
996位,,アーチャー,すいる,1195,5
997位,,ランサー,そなた。,1195,5
998位,,アーチャー,ペガサス幻想,1194,5
999位,,アーチャー,壁から食パン,1194,5
