1位,,シーフ,HIMAMA,1748,5
2位,,武道家,腰痛の爺,1732,5
3位,,シーフ,ＬＡ：ＮＡ,1732,5
4位,,武道家,gingingin,1725,5
5位,,武道家,平岡智世,1707,5
6位,,武道家,モルディブ。,1702,5
7位,,シーフ,コールドプレイ,1698,5
8位,,シーフ,ЖHeliosЖ,1662,5
9位,,武道家,れっどしーふ,1653,5
10位,,武道家,もげしふ,1593,5
11位,,シーフ,パラヌス,1589,5
12位,,シーフ,いっちゃん☆,1587,5
13位,,シーフ,ににお,1578,5
14位,,シーフ,NightBlade,1566,5
15位,,シーフ,梅ピーシフ,1563,5
16位,,シーフ,びじえむ,1562,5
17位,,武道家,神崎・Ｚ・アリア,1537,5
18位,,シーフ,Silverio_Gospel,1531,5
19位,,シーフ,バイオレット666,1519,5
20位,,シーフ,祀符,1498,5
21位,,武道家,flea♪,1491,5
22位,,武道家,銀九朗,1481,5
23位,,シーフ,ﾅﾙｶﾞｸﾙｶﾞ☆,1475,5
24位,,武道家,運命の死神,1474,5
25位,,シーフ,ふぁらうぇい,1474,5
26位,,武道家,らんれい,1460,5
27位,,武道家,のりっく,1457,5
28位,,武道家,余韻,1438,5
29位,,武道家,たかぴこ,1431,5
30位,,武道家,Reeku,1421,5
31位,,シーフ,らてぃあす☆,1419,5
32位,,武道家,セルティック☆,1405,5
33位,,シーフ,バッジオ,1405,5
34位,,武道家,義武,1402,5
35位,,シーフ,shingo100,1401,5
36位,,シーフ,ミラクルラスター,1397,5
37位,,武道家,ﾖｰﾝ・ﾊﾞｲﾝﾂｪﾙ,1392,5
38位,,武道家,フィルデナント,1388,5
39位,,武道家,ALTIMA．,1387,5
40位,,武道家,うまかっちゃん,1382,5
41位,,武道家,美柑姫,1382,5
42位,,武道家,πBLACK,1377,5
43位,,武道家,ヤシャマルJr,1370,5
44位,,シーフ,ｻﾙｱ・ｿﾘｭｰド,1369,5
45位,,武道家,DAZAI佑,1364,5
46位,,シーフ,newkoara,1359,5
47位,,武道家,流刻,1353,5
48位,,シーフ,xこうちゃんx,1339,5
49位,,シーフ,ちびのっぽ,1336,5
50位,,シーフ,いみそ～れ,1335,5
51位,,武道家,コーヒー乳牛,1332,5
52位,,シーフ,乾いた味噌汁,1330,5
53位,,シーフ,ゴアメタル,1316,5
54位,,シーフ,史上最悪の盗賊,1315,5
55位,,シーフ,☆魚京☆,1313,5
56位,,シーフ,0zero,1304,5
57位,,武道家,金竜☆,1302,5
58位,,シーフ,機動破壊,1300,5
59位,,シーフ,neko殺除菌♪,1295,5
60位,,武道家,サイレントブーツ,1294,5
61位,,シーフ,†青い彗星†,1294,5
62位,,武道家,TOUGH＿BOY,1293,5
63位,,シーフ,ハルポン５,1292,5
64位,,武道家,須魅斗,1290,5
65位,,武道家,yuugo♪,1289,5
66位,,シーフ,siriusu☆,1289,5
67位,,シーフ,どぽ,1285,5
68位,,武道家,神拳龍,1277,5
69位,,シーフ,こおｒ,1270,5
70位,,武道家,マヨっシーX２,1269,5
71位,,シーフ,はるかちゃ～ん,1269,5
72位,,シーフ,Kitchengang,1268,5
73位,,武道家,Jack・Steal,1267,5
74位,,武道家,ゆもよ,1264,5
75位,,武道家,ｲｽﾗﾌｪﾙ,1263,5
76位,,武道家,ｓｋサン,1262,5
77位,,シーフ,夕波千鳥,1262,5
78位,,シーフ,Leo_☆,1261,5
79位,,武道家,＄貧ちゃん紙さま,1259,5
80位,,武道家,水兎子竜,1259,5
81位,,武道家,エミーラ,1257,5
82位,,武道家,∬保湿ペーパー∬,1257,5
83位,,武道家,ﾉﾗﾐｬｵｼｰﾌ,1256,5
84位,,武道家,〓ガラ〓,1255,5
85位,,武道家,当麻宗三郎,1252,5
86位,,シーフ,GNEX_003S,1251,5
87位,,シーフ,☆龍児☆,1251,5
88位,,シーフ,ゼノサイレント,1251,5
89位,,シーフ,風_wind,1251,3
90位,,シーフ,殴るんです,1250,5
91位,,シーフ,いいとも♪,1244,5
92位,,武道家,鳶梟,1243,5
93位,,武道家,り～む,1223,3
94位,,シーフ,バルザス,1222,5
95位,,武道家,ﾎﾞｯｸｽ,1221,5
96位,,武道家,Ｌouis,1217,5
97位,,武道家,InfiniteLoop,1211,5
98位,,シーフ,晴９０１,1210,5
99位,,シーフ,スターダストン,1209,5
100位,,シーフ,Blurry_Eyes,1208,5
101位,,武道家,カイト・J,1207,5
102位,,シーフ,§AVENGER§,1205,5
103位,,武道家,hidezairu6,1201,5
104位,,武道家,soraris012,1200,5
105位,,武道家,ＭＺＸ,1199,5
106位,,武道家,アーチボルト☆,1197,5
107位,,武道家,「ミギー」,1197,5
108位,,シーフ,どんちゃん,1195,5
109位,,武道家,魔界幼女りりぃ,1194,5
110位,,シーフ,Attacks,1194,5
111位,,武道家,良影,1188,5
112位,,武道家,鍵専用,1186,5
113位,,武道家,エメティア,1184,5
114位,,武道家,長靴を吐いた猫,1179,5
115位,,シーフ,ジィド,1174,5
116位,,武道家,One__more__time,1173,5
117位,,シーフ,扉で軟禁＞＜,1173,5
118位,,武道家,ユースケ！,1172,5
119位,,シーフ,無月散水,1170,5
120位,,シーフ,ことさか,1169,5
121位,,シーフ,天猿♪,1163,5
122位,,武道家,ｽﾅﾌｷﾝ,1162,5
123位,,シーフ,yosikatu,1162,5
124位,,シーフ,でゅらんだる,1162,5
125位,,シーフ,すぺっち,1158,5
126位,,武道家,銀カプ,1157,5
127位,,武道家,グリーンシャドウ,1155,5
128位,,武道家,avextrax,1153,5
129位,,武道家,弥采,1152,5
130位,,武道家,ちこちく,1150,5
131位,,武道家,沼っち,1150,5
132位,,シーフ,makomiko,1150,5
133位,,シーフ,まさたん。,1150,5
134位,,武道家,牛丼大ﾀﾞﾌﾞﾙﾆﾝﾆｸ,1150,3
135位,,武道家,秋の味覚きのこ,1149,5
136位,,シーフ,紅の歌,1146,5
137位,,武道家,アワータイム,1142,5
138位,,シーフ,Mind_Mind,1138,5
139位,,武道家,Neoeonz,1135,5
140位,,武道家,お金回収係,1134,5
141位,,武道家,コザクラインコ,1130,5
142位,,シーフ,あるといーな,1129,5
143位,,シーフ,シーフ8,1127,5
144位,,武道家,弦之介さま～,1125,5
145位,,シーフ,ダイワ☆,1125,5
146位,,シーフ,ルパンⅤ世,1125,0
147位,,シーフ,keisuk,1124,5
148位,,シーフ,へロー,1124,5
149位,,武道家,ジルクシスト,1121,5
150位,,武道家,えんDE,1121,5
151位,,武道家,後継者！,1119,5
152位,,武道家,ﾏﾝﾁｪｽﾀｰ,1119,5
153位,,シーフ,黄金甘栗,1115,5
154位,,シーフ,暗躍ゴマ,1115,5
155位,,武道家,k_ten,1112,5
156位,,武道家,牡カマレロ,1112,3
157位,,武道家,YF－19,1111,5
158位,,シーフ,ピコR,1111,5
159位,,武道家,オースティック,1110,5
160位,,武道家,武留守,1110,5
161位,,武道家,SlashDotDash,1109,5
162位,,武道家,狸おやじ,1109,5
163位,,武道家,【極運】ﾜｲﾏｰﾙ,1108,5
164位,,武道家,ⅹBlackｴﾝﾍﾟﾗｰⅹ,1107,5
165位,,シーフ,しんごろ～まるＫ,1107,5
166位,,シーフ,ﾁｮｯﾄHなｵﾆｲｻﾝ,1104,5
167位,,武道家,にゃび再臨,1101,5
168位,,シーフ,KONTONNOUZU,1101,4
169位,,武道家,bashar3,1096,5
170位,,武道家,武道７,1094,5
171位,,シーフ,服部梓,1094,5
172位,,シーフ,ジィゼ,1093,5
173位,,シーフ,サムナイト,1093,5
174位,,武道家,Ｖanquish,1091,5
175位,,武道家,fukurou扇,1089,5
176位,,武道家,極会,1089,5
177位,,シーフ,盗たぬき♪,1087,5
178位,,武道家,＊cappuccino＊,1085,5
179位,,シーフ,ふぁい☆ぽい。,1082,5
180位,,武道家,おみそくん4th,1080,5
181位,,シーフ,recyclage,1080,5
182位,,武道家,かわうそくん。,1078,5
183位,,シーフ,みにシーフード,1076,5
184位,,武道家,麻衣ちゃん♪,1071,5
185位,,武道家,キツネ炎,1071,5
186位,,シーフ,おきて,1069,5
187位,,シーフ,天晴れ,1067,5
188位,,武道家,とらんぷますたー,1065,5
189位,,シーフ,雷峰,1064,5
190位,,武道家,南無八幡の佐治,1063,5
191位,,武道家,シャロー,1062,5
192位,,武道家,☆柊吉☆,1062,5
193位,,武道家,ﾊﾘﾈｽﾞﾐのｼﾞﾚﾝﾏ,1062,5
194位,,シーフ,みに虎,1062,5
195位,,武道家,箱道楽,1061,5
196位,,シーフ,ホリチャン,1061,5
197位,,シーフ,みに獅子虎,1061,5
198位,,武道家,senaさん,1060,5
199位,,シーフ,☆reiki☆,1059,5
200位,,武道家,ジョニーパワーズ,1058,5
201位,,武道家,ｸﾞﾗｯﾌﾟﾗｰ,1057,5
202位,,シーフ,のよ星,1056,5
203位,,シーフ,HYBRID改,1055,5
204位,,武道家,flag,1053,5
205位,,シーフ,ファーブ,1053,5
206位,,武道家,サスディン,1051,5
207位,,武道家,じゃがいも教頭,1051,5
208位,,シーフ,たーぬーいーつ,1051,5
209位,,シーフ,SPECTRUM,1050,5
210位,,武道家,☆ヒヨコ☆,1049,5
211位,,シーフ,狩る者２号,1049,5
212位,,武道家,sprit,1048,5
213位,,武道家,オーレオール,1046,5
214位,,シーフ,エルスト,1046,5
215位,,シーフ,プラナリア2世,1046,5
216位,,武道家,ルルペルージュ,1041,5
217位,,シーフ,鉄山,1040,5
218位,,シーフ,シロロン,1039,5
219位,,武道家,ﾒﾗﾝｺﾘｰ,1038,5
220位,,シーフ,カサハマジック,1036,5
221位,,武道家,∬く～ちゃん∬,1035,5
222位,,武道家,マトール,1035,5
223位,,武道家,subuta,1034,5
224位,,シーフ,†ブリタニア†,1034,5
225位,,シーフ,みにしーふ,1034,5
226位,,武道家,ロザリーナ,1033,5
227位,,武道家,ｵﾙｶﾘｵﾝ・ﾊﾘｽ,1033,5
228位,,武道家,プラチナエンドリ,1033,5
229位,,シーフ,アナザー1,1033,5
230位,,武道家,シフ武チカ,1032,5
231位,,武道家,シガルダ,1032,5
232位,,シーフ,疾風☆kay,1032,5
233位,,武道家,黒鍬衆,1031,5
234位,,シーフ,こちトラッパー,1031,5
235位,,武道家,にゃんシー武,1030,5
236位,,武道家,アリス666,1030,5
237位,,武道家,ねこそぎω,1028,5
238位,,武道家,孤嶺：Darkmirag,1028,5
239位,,武道家,チャツト静香,1028,5
240位,,武道家,シーロン_VerⅠ,1028,5
241位,,武道家,Shamal_Ultra,1027,5
242位,,武道家,拳ティ,1027,5
243位,,シーフ,☆sheen,1027,5
244位,,シーフ,我神,1026,5
245位,,シーフ,望夢,1026,5
246位,,シーフ,とらんぷ,1026,2
247位,,シーフ,ブルーマンジェロ,1025,3
248位,,武道家,鬼魂武,1024,5
249位,,武道家,オロチの傍太,1023,5
250位,,武道家,プリュイ,1023,5
251位,,武道家,ザガ・エスティー,1023,5
252位,,シーフ,地獄の輝きのネル,1023,5
253位,,武道家,ムサシ。,1023,4
254位,,武道家,nyaorin_gorira,1021,5
255位,,シーフ,怪少佐,1021,5
256位,,武道家,ﾃﾚﾋﾞ,1020,5
257位,,武道家,Haikui,1020,5
258位,,武道家,コルベニクξ,1020,5
259位,,武道家,カカオ・レ,1019,5
260位,,シーフ,種蒔く人,1019,5
261位,,シーフ,ｱﾚﾝﾋﾞｰ･ﾋﾞｱｽﾞﾘｰ,1019,4
262位,,シーフ,エピﾌｧﾈｲｱ佑,1018,5
263位,,シーフ,やる気ないネズミ,1018,5
264位,,武道家,東京三太,1017,5
265位,,武道家,水おめ＾＾,1017,5
266位,,武道家,デリケート,1017,5
267位,,シーフ,acquaitance,1017,5
268位,,武道家,kenshy,1015,5
269位,,シーフ,まこいち,1015,5
270位,,武道家,セイリンパパ,1014,5
271位,,シーフ,セラリア☆彡,1014,5
272位,,武道家,刃竜☆,1013,5
273位,,武道家,黑鴉,1013,5
274位,,シーフ,２本毛の●●●,1013,5
275位,,シーフ,rupin4世,1013,5
276位,,武道家,mireru,1012,5
277位,,武道家,タオタイラー,1012,5
278位,,武道家,東京03,1012,5
279位,,武道家,ﾏｷｼﾏﾑ･ﾊﾙﾄﾌｫﾗｽ,1011,5
280位,,シーフ,こなぐすり,1011,5
281位,,武道家,yuusuke2,1010,5
282位,,武道家,堀久太郎,1009,5
283位,,シーフ,迷子の盗人,1009,5
284位,,武道家,金剛波羅蜜,1008,5
285位,,武道家,虹色の光,1007,5
286位,,武道家,藤虎。,1007,3
287位,,武道家,OPTION－RED,1006,5
288位,,シーフ,xx黒木華xx,1006,5
289位,,武道家,§ククルっ子§,1005,5
290位,,武道家,doctorate,1005,5
291位,,武道家,ｱｼﾞｻｲ,1003,5
292位,,武道家,瀞藍,1003,5
293位,,シーフ,ペテン師ロック,1003,5
294位,,シーフ,木毎,1003,5
295位,,武道家,ロヴィヴィ,1003,3
296位,,武道家,2代目エース,1002,5
297位,,シーフ,こふさん,1002,5
298位,,武道家,暗く淀むつよみん,1001,5
299位,,武道家,ﾚｲｰﾙ・A・ﾗﾅﾃﾞｨﾝ,1001,5
300位,,武道家,元祖柚子雛,1001,5
301位,,武道家,GO☆FIGHT☆WIN,1001,5
302位,,シーフ,響霞,1001,5
303位,,武道家,必殺拳蹴,1000,5
304位,,武道家,鷂子穿林,1000,5
305位,,武道家,martial_arts,1000,5
306位,,武道家,SupremacuSun,1000,5
307位,,武道家,ArQuunel,1000,5
308位,,武道家,大怪盗ｱﾙｾｰﾇ,1000,5
309位,,シーフ,しげしふ,1000,5
310位,,シーフ,みさしーふ,1000,5
311位,,シーフ,ギヴン,1000,5
312位,,武道家,Ｂ１－１５,1000,3
313位,,シーフ,∃ンス,999,5
314位,,シーフ,○けんちゃん○,999,5
315位,,武道家,☆おたつ☆,998,5
316位,,シーフ,一握の砂。,998,5
317位,,シーフ,matter2,997,5
318位,,武道家,хこうちゃんх,996,5
319位,,シーフ,＋りふ＋,996,5
320位,,シーフ,さめ次郎,996,5
321位,,シーフ,すももおじさん,996,5
322位,,武道家,カツナ・アルマル,995,5
323位,,武道家,倭_3,995,5
324位,,武道家,緒方拳,994,5
325位,,シーフ,☆おしふ☆,993,5
326位,,シーフ,†服部半蔵†,993,3
327位,,武道家,ジーク・ハル,992,5
328位,,シーフ,evisuman,992,5
329位,,武道家,＞Jason＜,991,5
330位,,シーフ,鯰のドン,991,5
331位,,武道家,ﾀﾞｰﾃｨｰﾌｪｲｽ,991,3
332位,,武道家,もっとマダ男,990,5
333位,,シーフ,Mr_ポポ,990,5
334位,,シーフ,雑巾侍,990,5
335位,,武道家,お察し下さい♪,989,5
336位,,武道家,【公式】佐々木希,989,5
337位,,武道家,爆裂ネリチャギJr,989,5
338位,,武道家,☆ギルガメッシュ,988,5
339位,,武道家,ζЯёЙζ,988,5
340位,,シーフ,パンダさま,988,5
341位,,シーフ,水道水,988,5
342位,,武道家,サスペインダー,987,5
343位,,武道家,ﾉﾚパン3世,987,5
344位,,シーフ,Zhaban,987,5
345位,,シーフ,おしゃれナイフ,987,5
346位,,武道家,甜々,986,5
347位,,シーフ,暗殺ジョニー,986,5
348位,,武道家,蛸丸,985,5
349位,,武道家,ひょう助,985,0
350位,,武道家,足の裏手の平助,984,5
351位,,シーフ,☆盗人☆,984,5
352位,,武道家,にんにん,983,5
353位,,武道家,かわいいひよこ,983,5
354位,,シーフ,Grape。,983,4
355位,,シーフ,Zodiac_Sign,982,5
356位,,武道家,ディッパーダン,981,5
357位,,シーフ,しーふ君,981,5
358位,,武道家,北斗の男,980,5
359位,,武道家,deckard,979,5
360位,,武道家,†回天†,978,5
361位,,シーフ,虚心坦懐,978,5
362位,,シーフ,銅狸国勝,978,5
363位,,シーフ,武盗家,978,5
364位,,シーフ,Sheraton,977,5
365位,,シーフ,ディ・モールト,977,5
366位,,武道家,Spool,976,5
367位,,武道家,カイレス,976,5
368位,,武道家,緋い彗星,976,5
369位,,武道家,こっぺぺ,976,5
370位,,シーフ,X劉邦X,976,4
371位,,シーフ,sinras,975,5
372位,,武道家,マルセリーナ,975,3
373位,,武道家,スプリガンvr1,974,5
374位,,武道家,polar☆star,974,5
375位,,武道家,攻神,974,5
376位,,武道家,§極§,974,5
377位,,武道家,その後の寝太郎,974,5
378位,,武道家,ﾛｯﾋﾟｰ,974,5
379位,,武道家,蹴る殴る食べる,973,5
380位,,武道家,レオサークル,973,5
381位,,シーフ,Delphinus。,973,5
382位,,武道家,mimiDA,972,5
383位,,シーフ,ワナ中尉,972,5
384位,,シーフ,金魔,972,5
385位,,シーフ,Ｎ700系,972,5
386位,,武道家,黄青蜻蛉,972,2
387位,,武道家,urakin,971,5
388位,,シーフ,hariri,971,5
389位,,シーフ,ReiF1,971,5
390位,,武道家,0wawan,970,5
391位,,武道家,武道でいいか,969,5
392位,,武道家,金運上昇,969,5
393位,,武道家,DXまたんき,969,5
394位,,シーフ,llll_uno_llll,969,5
395位,,シーフ,PuddingDaifuku,969,5
396位,,シーフ,大木和奈,969,5
397位,,武道家,兵吉,969,4
398位,,武道家,rakuru,968,5
399位,,武道家,シェムズ,968,5
400位,,シーフ,jin555,968,5
401位,,シーフ,Spear＾Rib,968,5
402位,,武道家,SSsato,968,0
403位,,武道家,ずんどこ。,967,5
404位,,シーフ,metallath,967,5
405位,,シーフ,光龍☆ﾐ,967,3
406位,,武道家,振王,966,5
407位,,武道家,あしゅーる,966,5
408位,,シーフ,天空の使徒,966,5
409位,,シーフ,☆ナツ☆彡,966,5
410位,,武道家,熊本課長,966,2
411位,,武道家,リジュ・□ウ,965,5
412位,,武道家,キヤラキヤラ,965,5
413位,,武道家,フィミエル,965,5
414位,,シーフ,RED・RED,965,5
415位,,シーフ,シフ・シフ,965,5
416位,,シーフ,ΨPｓｙcobeaRΨ,965,4
417位,,シーフ,ナザーリオ,965,2
418位,,武道家,☆初級☆,964,5
419位,,武道家,ひろお_,964,5
420位,,シーフ,盗賊れいじ,964,5
421位,,シーフ,REDEAGLEONE,964,5
422位,,シーフ,†千手柱間†,964,0
423位,,武道家,アノニマス,963,5
424位,,武道家,金運￥上昇,963,5
425位,,武道家,kuruppo,963,5
426位,,武道家,mako15,963,5
427位,,シーフ,ﾃﾞｨﾊﾟｰﾙ・ﾚｲ,963,5
428位,,シーフ,Mercedes‐Benz,963,5
429位,,シーフ,高坂甚内,963,3
430位,,シーフ,earthshaker,963,1
431位,,武道家,もぃちゃん,963,0
432位,,シーフ,トルグリム,962,5
433位,,シーフ,まむたそ,962,5
434位,,シーフ,らなみか,962,5
435位,,武道家,バックマーカー,962,4
436位,,武道家,ﾌﾗｲﾄﾞ,962,3
437位,,武道家,河童の誘い水,961,5
438位,,武道家,nitro_voltage,961,5
439位,,シーフ,【楓葉】,961,5
440位,,武道家,ラスブトウ,960,5
441位,,武道家,童夢ゼロ,960,5
442位,,武道家,〆アカツキ〆,960,5
443位,,武道家,鈴井涼太,960,5
444位,,武道家,Windy☆,960,5
445位,,シーフ,ウィーゼル,960,5
446位,,シーフ,Frest,960,5
447位,,シーフ,バルディッシュＡ,960,4
448位,,武道家,☆しん☆,959,5
449位,,武道家,ゴールデンガン,959,5
450位,,武道家,月夜響蝶,959,5
451位,,武道家,漸殺,959,5
452位,,シーフ,†spice†,959,5
453位,,シーフ,もなちゃん。,959,5
454位,,武道家,ｓｌｔ,958,5
455位,,武道家,Goldilocks,958,5
456位,,武道家,フーマン,958,5
457位,,武道家,ディバー∫,958,5
458位,,シーフ,REDcifu,958,5
459位,,シーフ,SRIDE9,958,5
460位,,武道家,カルシCa＋,958,4
461位,,武道家,バク天,958,2
462位,,武道家,ＫＥＮＳＨＩＮ,957,5
463位,,武道家,ＡＳＡＫＡＴＳＵ,957,5
464位,,武道家,精密ボルト,957,5
465位,,シーフ,フクロウ怪獣,957,5
466位,,シーフ,GOXAS,957,5
467位,,シーフ,Ｊ．Ｐ．Ｓ．,957,5
468位,,武道家,いも先生,957,4
469位,,武道家,復活の黒拳じじ,957,1
470位,,武道家,レオン三世,956,5
471位,,武道家,へりおすくん,956,4
472位,,シーフ,イデアール,956,1
473位,,武道家,いおす,955,5
474位,,武道家,沖縄時間,955,5
475位,,シーフ,Shadow_Slash,955,5
476位,,シーフ,ARAMIS900,955,5
477位,,武道家,☆ナイフ☆,954,5
478位,,武道家,ファイヤーアル,954,5
479位,,武道家,黒ノ焔,954,5
480位,,武道家,〓syu〓,954,5
481位,,シーフ,Avant_garde,954,5
482位,,シーフ,モスドナルド,954,5
483位,,シーフ,蒼梅花,954,5
484位,,シーフ,魅都姫_刹那,954,5
485位,,武道家,ペンネsp,954,2
486位,,武道家,しゃけころ,953,5
487位,,武道家,蟻立神,953,5
488位,,武道家,馬超。。,953,5
489位,,武道家,乙女のひよこ,953,5
490位,,武道家,ビリー・インガス,953,5
491位,,武道家,武死堂,953,5
492位,,シーフ,キムキム,953,5
493位,,武道家,mototarou,953,2
494位,,武道家,フキワリ,952,5
495位,,武道家,☆さぁや☆,952,5
496位,,武道家,たこぽんα,952,5
497位,,シーフ,ジョン・クレイ,952,5
498位,,シーフ,§ALFRED§,952,5
499位,,シーフ,運次第,952,5
500位,,武道家,武道より葡萄好き,951,5
501位,,武道家,§オーラっ子§,951,5
502位,,武道家,花夢花夢,951,5
503位,,武道家,ロキ・ラグナロク,951,5
504位,,武道家,ゴリポンポコ,951,3
505位,,武道家,●けんちゃん●,951,2
506位,,武道家,ジムナイト,950,5
507位,,武道家,CaptainBravo,950,5
508位,,武道家,翠汰,950,5
509位,,武道家,㌢たん♪,950,5
510位,,シーフ,ダレン００４,950,5
511位,,シーフ,☆妖精☆,950,5
512位,,シーフ,みゃーしー,950,5
513位,,シーフ,ウァレフォル,950,5
514位,,シーフ,urahuzak,950,5
515位,,シーフ,§最終兵器§,950,5
516位,,シーフ,瀬名愛理ちゃん,950,5
517位,,武道家,ライジングルーン,950,0
518位,,武道家,Vyrn,949,5
519位,,武道家,濃い抹茶,949,5
520位,,シーフ,☆†タク†☆,949,5
521位,,シーフ,ｽﾃﾌｧﾝ・ｻﾙﾊﾞﾄｰﾚ,949,5
522位,,シーフ,くらま。,949,5
523位,,武道家,ぜのぷろ,949,4
524位,,武道家,sii8,948,5
525位,,武道家,ﾃｨｰﾁ,948,5
526位,,武道家,贅沢麦芽,948,5
527位,,武道家,不動明王武道,948,5
528位,,武道家,シャッポｫ,948,5
529位,,武道家,☆るぱん一世☆,948,5
530位,,武道家,君のﾊｰﾄにあや丸,948,5
531位,,武道家,一枝梅99,948,5
532位,,武道家,ガスラジ,948,5
533位,,シーフ,xxメッシxx,948,5
534位,,武道家,桃刹,947,5
535位,,武道家,ζ汐ζ,947,5
536位,,武道家,満万萬饅幡,947,5
537位,,武道家,ぐにゃあ,947,5
538位,,武道家,忍野ネネ！,947,5
539位,,武道家,凌統，,947,5
540位,,武道家,栓抜付回転振子蟹,947,5
541位,,武道家,Nick☆,947,5
542位,,シーフ,（Tochi）,947,5
543位,,シーフ,ほうじ茶生チョコ,947,5
544位,,シーフ,多罪,947,5
545位,,シーフ,soukita,947,5
546位,,武道家,したことネーゼ,946,5
547位,,武道家,ψGoldGambleψ,946,5
548位,,武道家,アドレーゼ,946,5
549位,,武道家,露店組合,946,5
550位,,シーフ,男の道２,946,5
551位,,シーフ,ハードだぜ,946,0
552位,,武道家,＄風魔＄,945,5
553位,,武道家,周瑜。,945,5
554位,,武道家,ティッタ,945,5
555位,,武道家,トゥーンEx,945,5
556位,,シーフ,逍遥,945,4
557位,,シーフ,meca,945,4
558位,,武道家,なぐっちゃん,944,5
559位,,武道家,バロドラコ,944,5
560位,,武道家,みらふりーど,944,5
561位,,武道家,ベクシ,944,5
562位,,武道家,ManchesterUnited,944,5
563位,,武道家,hishin,944,5
564位,,武道家,Moisture,944,5
565位,,武道家,エッジス,944,5
566位,,武道家,59fiftynine,944,5
567位,,シーフ,lissin,944,5
568位,,シーフ,†銀光†,944,5
569位,,シーフ,↑tochi↑,944,5
570位,,シーフ,怪盗ジバコ,944,4
571位,,武道家,槙島聖冴,943,5
572位,,武道家,ちよし,943,5
573位,,武道家,ジャッカラー,943,5
574位,,武道家,大手tiktokr,943,5
575位,,武道家,ｴｷｻｲﾄｼﾞｬｯｸ,943,5
576位,,武道家,所詮人生、運頼み,943,5
577位,,武道家,なめちょろ,943,5
578位,,武道家,CandyXX,943,5
579位,,シーフ,いーぴん,943,5
580位,,シーフ,ぱずどら,943,5
581位,,シーフ,IROTEC,943,5
582位,,シーフ,tansu313,943,5
583位,,武道家,むちりんご,942,5
584位,,武道家,ψ無知の少年ψ,942,5
585位,,武道家,じぇいほーぷ,942,5
586位,,シーフ,ネモ隊長＠,942,5
587位,,シーフ,☆マイペンライ☆,942,5
588位,,シーフ,ё軍鶏Ё,942,5
589位,,シーフ,To‐y,942,5
590位,,武道家,クリーナー,942,4
591位,,武道家,Gold_Squirrel,942,4
592位,,シーフ,リル☆セイント,942,4
593位,,武道家,楓にゃん♪,941,5
594位,,武道家,孫策．,941,5
595位,,武道家,（´；ω；）,941,5
596位,,武道家,ヒトガミ,941,5
597位,,武道家,こちとら,941,5
598位,,武道家,プロキオンーＡ,941,5
599位,,武道家,ルーウェン,941,5
600位,,シーフ,風車弥七,941,5
601位,,シーフ,魔誇,941,5
602位,,シーフ,満ディ,941,5
603位,,シーフ,ψLuciferπ,941,4
604位,,武道家,〃丐〃,940,5
605位,,シーフ,タヌキ2号,940,5
606位,,武道家,稲幡,940,2
607位,,武道家,練習用かかしZin,940,2
608位,,シーフ,BoobyTrap,940,2
609位,,シーフ,並列４気筒,940,0
610位,,武道家,桃崇,939,5
611位,,武道家,バグボーンα,939,5
612位,,武道家,αｻｲﾊﾞﾊﾞα,939,5
613位,,武道家,エンドルス,939,5
614位,,シーフ,富と栄光,939,5
615位,,シーフ,カフェオレ100％,939,5
616位,,シーフ,桃色のオサーン,939,5
617位,,シーフ,波濤,939,5
618位,,シーフ,ｼﾞｮﾝﾏﾝｼﾞﾛｳ,939,5
619位,,武道家,budou8,938,5
620位,,シーフ,デブ５,938,5
621位,,シーフ,わなぴん,938,5
622位,,シーフ,努羅衛門,938,5
623位,,シーフ,さむ・えっじ,938,5
624位,,武道家,ARROGATE,938,4
625位,,武道家,☆ｽﾀｰｴﾝﾌﾞﾚﾑ☆,937,5
626位,,武道家,☆帝國雷神丸３世,937,5
627位,,シーフ,E_Doll,937,5
628位,,シーフ,ｋ－１,937,5
629位,,武道家,もじもじトリさん,937,3
630位,,武道家,きょんし,937,0
631位,,武道家,ダサイタマン,937,0
632位,,武道家,紅葉‡,936,5
633位,,武道家,何なんｗ,936,5
634位,,武道家,ふうま☆ミ,936,5
635位,,武道家,佐助ゝ,936,5
636位,,武道家,若い大尉,936,5
637位,,武道家,雲丹琳,936,5
638位,,武道家,陸奥金剛,936,5
639位,,武道家,ヨッテ,936,5
640位,,武道家,なるやん,936,5
641位,,武道家,ΨたかΨ,936,5
642位,,シーフ,εﾀｰｷｰﾚﾝｼﾞｬｰε,936,5
643位,,シーフ,ReLaPin,936,5
644位,,シーフ,グランス。,936,5
645位,,シーフ,人間だもの,936,5
646位,,シーフ,自称課長,936,5
647位,,武道家,拳zo,936,4
648位,,武道家,∫ウルセーヨ∫,935,5
649位,,武道家,素人です,935,5
650位,,武道家,とば・てぃーえ,935,5
651位,,シーフ,Lucky_bell,935,5
652位,,シーフ,шシーフш,935,5
653位,,シーフ,さふちゃん,935,4
654位,,シーフ,＠電チュー＠,935,4
655位,,シーフ,ネコートさん♪,935,3
656位,,武道家,朽桟,934,5
657位,,武道家,メロンの神様,934,5
658位,,武道家,トシン・アバシ,934,5
659位,,武道家,きくじゆてる,934,5
660位,,武道家,クレイブ,934,5
661位,,武道家,遊郭王,934,5
662位,,武道家,趙雲．,934,5
663位,,武道家,NullExistence,934,5
664位,,武道家,ΨおぺちΨ,934,5
665位,,武道家,ミオ。,934,5
666位,,武道家,イチゴタルト♪,934,5
667位,,シーフ,バイキング,934,5
668位,,シーフ,ラッチ☆,934,5
669位,,武道家,BeGOOD,934,4
670位,,武道家,龍虎の犬,934,4
671位,,シーフ,☆風に乗って☆,934,4
672位,,武道家,Metropolis,934,2
673位,,シーフ,ビッケブランカ,934,2
674位,,武道家,￡鉢架￡,933,5
675位,,武道家,☆東洋の怪物☆,933,5
676位,,武道家,黒い２年生,933,5
677位,,武道家,ち～ずまる,933,5
678位,,武道家,ＯＲＩＧＡＭＩ,933,5
679位,,武道家,おそせそ,933,5
680位,,シーフ,ﾎｯﾄﾁｮｺ,933,5
681位,,シーフ,ルククル,933,5
682位,,シーフ,伊波ちゃん,933,5
683位,,シーフ,シラクーザ,933,5
684位,,シーフ,chibi☆檸檬,933,4
685位,,武道家,Ｆファルコン,933,3
686位,,武道家,とらっぷS,933,0
687位,,武道家,ブドウ無視,932,5
688位,,武道家,シルフ君,932,5
689位,,武道家,ぉにくきゅぅ,932,5
690位,,武道家,プッチー♪,932,5
691位,,武道家,凝視タイガー,932,5
692位,,武道家,暴龍天1st,932,5
693位,,武道家,ポロシャツ,932,5
694位,,武道家,カルDX_,932,5
695位,,武道家,ビリーシアーズ,932,5
696位,,武道家,κοζμκё,932,5
697位,,武道家,恋模様,932,5
698位,,シーフ,☆彡龍,932,5
699位,,シーフ,LBXペルセウス,932,5
700位,,シーフ,ξゆうちゃんξ,932,5
701位,,シーフ,やわらか豆腐,932,5
702位,,シーフ,＜ガロア＞,932,5
703位,,シーフ,けつかっちん,932,4
704位,,シーフ,↓tochi↓,932,4
705位,,武道家,ピースポーター,932,3
706位,,武道家,真の舞踏家,932,2
707位,,武道家,cisco,932,0
708位,,武道家,砂の旅人,931,5
709位,,武道家,ザラスゥ,931,5
710位,,武道家,grtretrt,931,5
711位,,武道家,DejjMO,931,5
712位,,武道家,Chagama,931,5
713位,,武道家,一双,931,5
714位,,武道家,無味のゴリラ,931,5
715位,,シーフ,貴女のために盗む,931,5
716位,,シーフ,ちょこてん,931,5
717位,,シーフ,ひえん,931,5
718位,,シーフ,グリーシュ,931,5
719位,,シーフ,運任せ,931,5
720位,,シーフ,着弾,931,5
721位,,シーフ,瞬速の盗賊,931,5
722位,,シーフ,幻想の城,931,5
723位,,シーフ,いちたかん,931,5
724位,,武道家,紫の旅人,931,4
725位,,シーフ,スローイング,931,4
726位,,シーフ,結構蛇足,931,4
727位,,武道家,ＭＳＰシヴァ,931,3
728位,,武道家,ちひろまる。,931,0
729位,,武道家,第ゼロ感,930,5
730位,,武道家,リブラスルス,930,5
731位,,武道家,圧縮鍋,930,5
732位,,武道家,BrainMuscle,930,5
733位,,シーフ,ロブナイト,930,5
734位,,シーフ,ダンナイト,930,5
735位,,シーフ,xキッドx,930,5
736位,,シーフ,みゃーし,930,5
737位,,シーフ,snow_pearl,930,5
738位,,シーフ,呂布奉占,930,5
739位,,シーフ,ニセサミ,930,5
740位,,シーフ,死後硬直,930,5
741位,,武道家,ヘモフォビア,930,4
742位,,武道家,掟カウンタック,930,4
743位,,シーフ,ふきき,930,4
744位,,シーフ,LupinⅩ世,930,0
745位,,武道家,о梵天丸о,929,5
746位,,武道家,チェルモ,929,5
747位,,武道家,こうのしん,929,5
748位,,武道家,豚さん。,929,5
749位,,武道家,メタルボルト,929,5
750位,,武道家,☆キンタロウ☆,929,5
751位,,シーフ,サードパーティー,929,5
752位,,シーフ,メーメーＤＸ,929,5
753位,,シーフ,どんぶりっ！！！,929,5
754位,,シーフ,disk,929,5
755位,,シーフ,Portgas_D_Ace,929,5
756位,,武道家,ミラクルモモンガ,929,4
757位,,武道家,二休サン,929,4
758位,,武道家,かぶらぎさん,929,4
759位,,武道家,期間限定,929,4
760位,,武道家,葡萄やろー,929,4
761位,,武道家,まやもんす♪,929,3
762位,,武道家,レビンアロー,929,0
763位,,武道家,風散,928,5
764位,,武道家,じゃむ爺,928,5
765位,,武道家,イリューダ,928,5
766位,,武道家,ﾄﾞﾝ・ｺﾙﾚｵｰﾈ,928,5
767位,,シーフ,鈴木誠也,928,5
768位,,シーフ,‡東方不敗†,928,5
769位,,シーフ,飛び出し猫注意！,928,5
770位,,シーフ,逃げ恥ぱんだぁ,928,5
771位,,シーフ,パランク,928,5
772位,,武道家,モトヤンα,928,4
773位,,武道家,テキーラ。,928,3
774位,,武道家,一ドル,928,3
775位,,武道家,choburi2020,928,3
776位,,シーフ,きゅあⅡ,928,1
777位,,武道家,螺巌,927,5
778位,,武道家,オルステッド,927,5
779位,,武道家,まさたろす,927,5
780位,,武道家,嵐纏,927,5
781位,,武道家,☆EIN☆,927,5
782位,,武道家,x復帰様x,927,5
783位,,武道家,ﾌｧｰｽﾄｸﾗｳﾝ,927,5
784位,,武道家,ごつやん,927,5
785位,,武道家,ⅹ朝比奈ⅹ,927,5
786位,,シーフ,柚木卓,927,5
787位,,シーフ,堊尉,927,5
788位,,シーフ,バウムバッハ,927,5
789位,,武道家,ｼｭﾊﾟ,927,4
790位,,武道家,束縛系彼氏,926,5
791位,,武道家,ζガラζ,926,5
792位,,武道家,暗黒シフ,926,5
793位,,武道家,ⅹみけ猫ⅹ,926,5
794位,,武道家,アフゼリア,926,5
795位,,武道家,絡繰人形,926,5
796位,,武道家,pDOCq,926,5
797位,,武道家,生茶♪,926,5
798位,,武道家,小さなシーフ,926,5
799位,,武道家,れバニラ,926,5
800位,,武道家,蓮の葉商会,926,5
801位,,武道家,黒い豚,926,5
802位,,シーフ,ﾐｯﾄﾞﾃﾞｲ・ﾛｻﾞﾘｵ,926,5
803位,,シーフ,ｻﾞｳﾞｨｱ,926,5
804位,,シーフ,☆Νопαмё☆,926,5
805位,,武道家,ぼくｱﾙﾊﾞｲﾄｫ,926,4
806位,,武道家,Ｊ．Ｐ．Ｓ．Ⅱ,926,4
807位,,シーフ,ﾊﾟﾆｰ☆ﾐ,926,4
808位,,シーフ,kaiori,926,4
809位,,武道家,ポートボール,926,0
810位,,武道家,カムイ,926,0
811位,,武道家,§sidecar§,926,0
812位,,武道家,サイヤゴッド,925,5
813位,,武道家,りおん君,925,5
814位,,武道家,零崎筴識,925,5
815位,,武道家,トトZZ,925,5
816位,,武道家,へへヘっヘぺ,925,5
817位,,武道家,ランマルＪｒ,925,5
818位,,武道家,_水無月_,925,5
819位,,武道家,amagiri,925,5
820位,,武道家,Ｒyu,925,5
821位,,武道家,Blackbit,925,5
822位,,武道家,ジムビーム,925,5
823位,,武道家,腐愚田汰羅悪,925,5
824位,,シーフ,ЖルウクЖ,925,5
825位,,シーフ,seisetu,925,5
826位,,シーフ,遠也,925,5
827位,,武道家,権拳,925,4
828位,,シーフ,地下墳墓,925,4
829位,,武道家,ボスウZin,925,3
830位,,シーフ,ｋ－２,925,0
831位,,シーフ,セルー１,925,0
832位,,武道家,桐輝,924,5
833位,,武道家,ｘなまちゃｘ,924,5
834位,,武道家,ﾄﾞﾗｴﾓﾝﾏﾆｱ,924,5
835位,,武道家,よんよんν,924,5
836位,,武道家,ｳｪﾙﾀｰ,924,5
837位,,武道家,優雅。,924,5
838位,,武道家,ﾗｲﾝﾊﾙﾄ･ｱｽﾄﾘｱｽ,924,5
839位,,武道家,☆葡萄家☆,924,5
840位,,武道家,墓石ペロペロ,924,5
841位,,武道家,湿地の干潟,924,5
842位,,武道家,茄子一番,924,5
843位,,武道家,コーカ・ラサ,924,5
844位,,武道家,VARO,924,5
845位,,武道家,マサタロス,924,5
846位,,武道家,メディチ家の末裔,924,5
847位,,武道家,常夏Boy☆彡,924,5
848位,,シーフ,yapi0000,924,5
849位,,シーフ,みる鍋,924,5
850位,,シーフ,桜島DX,924,5
851位,,シーフ,ジーク＝ゼロ,924,4
852位,,武道家,迷惑来訪者,924,2
853位,,武道家,kiyosi13,924,0
854位,,武道家,ﾄｰｷｮｰ,924,0
855位,,武道家,ｲﾙｳﾞｧｰﾅ,923,5
856位,,武道家,tanishin3,923,5
857位,,武道家,City__27,923,5
858位,,武道家,Ωろと②Ω,923,5
859位,,武道家,キッド。,923,5
860位,,武道家,budou10,923,5
861位,,武道家,黒耀華,923,5
862位,,武道家,HOIMBOCX,923,5
863位,,武道家,マーシャルψ,923,5
864位,,武道家,しょう？,923,5
865位,,武道家,悔しいから,923,5
866位,,武道家,SolidStateSquad,923,5
867位,,武道家,グリモン,923,5
868位,,武道家,鬼畜道,923,5
869位,,シーフ,相州☆乱破,923,5
870位,,シーフ,ステンベンソン,923,5
871位,,シーフ,怪盗しまん,923,5
872位,,シーフ,お武闘さん,923,5
873位,,シーフ,ラークフェニル,923,5
874位,,シーフ,萌えルン♪,923,5
875位,,武道家,土佐からの旅人,923,4
876位,,武道家,鬼人オメガ,923,4
877位,,武道家,スーパータカ,923,4
878位,,武道家,Inasa,923,4
879位,,シーフ,舞茸王子,923,4
880位,,シーフ,けい１,923,4
881位,,武道家,撞木鮫,923,3
882位,,武道家,真の格闘家,923,1
883位,,シーフ,ワンパン,923,0
884位,,武道家,シャルシス,922,5
885位,,武道家,ナグ☆シ武,922,5
886位,,武道家,pychrom,922,5
887位,,武道家,タームル,922,5
888位,,武道家,よさこい,922,5
889位,,武道家,ZΕRO,922,5
890位,,武道家,♪夕波千鳥♪,922,5
891位,,武道家,モリフクロウ,922,5
892位,,武道家,あらいぐま改Ⅱ,922,5
893位,,武道家,MARUGARI,922,5
894位,,武道家,Maggie_is_Back,922,5
895位,,武道家,龍皇カルラキン,922,5
896位,,武道家,ジョトダコラ,922,5
897位,,武道家,覇王隆之介,922,5
898位,,武道家,ｵﾆｵﾝ伯爵,922,5
899位,,武道家,たこん,922,5
900位,,武道家,τRapunzelτ,922,5
901位,,シーフ,疾風バニラアイス,922,5
902位,,シーフ,安定,922,5
903位,,シーフ,ナノファイバー,922,5
904位,,シーフ,こっさん,922,5
905位,,シーフ,ヴァルヴァロだぞ,922,5
906位,,シーフ,運キャラ☆,922,5
907位,,シーフ,暴走の狂い咲き,922,5
908位,,シーフ,死の制裁,922,5
909位,,シーフ,盗賊の・・・,922,5
910位,,シーフ,瑠樺☆,922,5
911位,,シーフ,シンフォニクス,922,5
912位,,武道家,merifu,922,4
913位,,武道家,ﾊﾏﾎﾟﾓｻﾞﾋﾞ,922,4
914位,,武道家,金欠ｳｼｼﾞﾏくん,922,4
915位,,武道家,けいわん,922,4
916位,,シーフ,N゜5,922,4
917位,,武道家,リオン（武）,922,3
918位,,武道家,銀の華,922,3
919位,,武道家,小袖_J,922,1
920位,,武道家,山芋の磯辺揚げ22,922,1
921位,,武道家,民衆,922,0
922位,,武道家,ｼﾞｬﾐﾙ・ﾊﾞｲﾊﾟｰ,922,0
923位,,武道家,サッポロ♪,921,5
924位,,武道家,恐怖のメロン,921,5
925位,,武道家,つっぺれん,921,5
926位,,武道家,†サイタマ†,921,5
927位,,武道家,ムンプ,921,5
928位,,武道家,武道ぱんだ,921,5
929位,,武道家,SnowBlast,921,5
930位,,武道家,ブリブリ帝,921,5
931位,,武道家,ろりぽっぽ,921,5
932位,,武道家,ねこぷっち,921,5
933位,,武道家,Cafe☆Au☆Lait,921,5
934位,,武道家,やどぽん,921,5
935位,,武道家,LUXENDark,921,5
936位,,武道家,ｶｸｶ・ﾌﾞﾄﾞｳ,921,5
937位,,シーフ,刺射賦,921,5
938位,,シーフ,九尾の狐　九喇嘛,921,5
939位,,シーフ,о虎千代о,921,5
940位,,シーフ,メトロン星人,921,5
941位,,シーフ,†楽斗†,921,5
942位,,シーフ,怪盗キッドマン,921,5
943位,,シーフ,ImperialHal,921,5
944位,,シーフ,ファーイ,921,5
945位,,シーフ,†BlackOut†,921,5
946位,,シーフ,Galderia,921,4
947位,,シーフ,大和ｋ１,921,4
948位,,シーフ,sun_punch,921,3
949位,,武道家,もやもやシーフ,921,2
950位,,シーフ,わかばんげん,921,2
951位,,武道家,ビーブラック,921,1
952位,,武道家,黒桃珊瑚,921,1
953位,,武道家,ﾁｰﾌﾟ,921,1
954位,,シーフ,周通,921,0
955位,,シーフ,ｶﾘﾑ・ｱﾙｱｼﾞｰﾑ,921,0
956位,,武道家,ちゃん・ちゃん,920,5
957位,,武道家,なるべく小さな,920,5
958位,,武道家,ライトマニア,920,5
959位,,武道家,zeroRei,920,5
960位,,武道家,ユンユン。,920,5
961位,,武道家,品田牛村,920,5
962位,,武道家,しぐれ改♪,920,5
963位,,武道家,せいじゅうろう,920,5
964位,,武道家,プロポ,920,5
965位,,武道家,ランギロア,920,5
966位,,武道家,γ音速丸γ,920,5
967位,,武道家,†ｼｬﾙﾙ†,920,5
968位,,武道家,るずれいん,920,5
969位,,武道家,ﾊｹﾞ/ﾄﾞｳ,920,5
970位,,武道家,無能の人,920,5
971位,,武道家,オルフェーブル,920,5
972位,,武道家,銀翼のｿﾚｲﾕ,920,5
973位,,武道家,「象」,920,5
974位,,武道家,殴る蹴るのんた,920,5
975位,,武道家,さらい,920,5
976位,,武道家,ルーマニア人,920,5
977位,,武道家,横山キック,920,5
978位,,シーフ,ⅹ隼人ⅹ,920,5
979位,,シーフ,殴殺家,920,5
980位,,シーフ,Ruru_,920,5
981位,,シーフ,yutaka∮,920,5
982位,,シーフ,別人,920,5
983位,,シーフ,あやシフ,920,5
984位,,シーフ,LibertyForce,920,5
985位,,シーフ,じぇにぃ,920,5
986位,,シーフ,どどすん,920,5
987位,,武道家,ガルン武,920,4
988位,,シーフ,戦乱の勝ち組,920,4
989位,,シーフ,預かり番,920,4
990位,,武道家,メロウZ,920,2
991位,,武道家,ありんこ侍,920,1
992位,,武道家,FightingSpirit,920,1
993位,,武道家,ぽぃo,920,0
994位,,武道家,2023＠飛翔,920,0
995位,,武道家,ﾘﾄﾞﾙ･ﾛｰｽﾞﾊｰﾄ,920,0
996位,,シーフ,赤短,920,0
997位,,シーフ,ｹｲﾄ･ﾀﾞｲﾔﾓﾝﾄﾞ,920,0
998位,,武道家,よねくる,919,5
999位,,武道家,あらざし,919,5
