1位,,黒魔術師,アーリア。,1732,5
2位,,黒魔術師,ループド,1713,5
3位,,メイド,ぱいぱいぺちゃ美,1706,5
4位,,黒魔術師,valr＿D,1679,5
5位,,メイド,つばきひめ,1655,5
6位,,黒魔術師,ゆきのみず,1608,5
7位,,黒魔術師,しらたま団子ＬＬ,1561,5
8位,,黒魔術師,Narmaya,1552,5
9位,,黒魔術師,闇卵,1513,5
10位,,黒魔術師,伊勢灯里,1512,5
11位,,黒魔術師,￡Gazelle,1458,5
12位,,黒魔術師,闇堕ち,1456,5
13位,,黒魔術師,ψ芽亜ψ,1439,5
14位,,黒魔術師,雪野凜檎,1425,5
15位,,黒魔術師,メロメロイド,1418,5
16位,,メイド,あざといたぬき,1417,5
17位,,黒魔術師,黄金のパイン,1412,5
18位,,黒魔術師,なーりー,1409,5
19位,,黒魔術師,asnon,1407,5
20位,,メイド,柚子菜,1394,3
21位,,メイド,結城希亜,1388,5
22位,,黒魔術師,EscapedRabbit,1386,5
23位,,黒魔術師,ハンバーグ刑事,1384,5
24位,,黒魔術師,GESOU,1379,5
25位,,メイド,メイドくるりん,1377,5
26位,,黒魔術師,せぷてんばー,1370,5
27位,,黒魔術師,日影アゲハ,1370,5
28位,,黒魔術師,【EGOIST】,1364,5
29位,,黒魔術師,リュミルア,1356,5
30位,,黒魔術師,CandySweet2,1338,5
31位,,メイド,マッドストーム,1336,5
32位,,メイド,йメイй,1326,5
33位,,黒魔術師,怜蘭,1314,5
34位,,黒魔術師,Rel2,1313,5
35位,,黒魔術師,kuromasan！,1309,5
36位,,黒魔術師,ひらぺん,1302,5
37位,,メイド,しるちゃそ,1302,5
38位,,黒魔術師,FrouFrou,1298,5
39位,,黒魔術師,三船美優,1290,5
40位,,黒魔術師,ぷゅれぐみぃ,1287,5
41位,,黒魔術師,黒rinjo,1287,5
42位,,黒魔術師,アマランテ,1286,5
43位,,メイド,おとぎ国の牡丹,1285,5
44位,,黒魔術師,鬼一家の黒魔,1284,5
45位,,黒魔術師,そっきん,1282,5
46位,,黒魔術師,いぼのじろう,1279,5
47位,,黒魔術師,狼妖,1276,5
48位,,黒魔術師,２R通常,1274,5
49位,,黒魔術師,セフィナ。,1267,5
50位,,黒魔術師,クロマグロ丼,1266,5
51位,,黒魔術師,diid,1264,5
52位,,黒魔術師,ラザードゥ,1262,5
53位,,黒魔術師,exiatence4,1262,5
54位,,黒魔術師,トケンカ_柘榴,1259,5
55位,,黒魔術師,準備運動で骨折,1259,5
56位,,メイド,てへ☆ぺろ,1259,5
57位,,黒魔術師,SonChaeYoung,1258,5
58位,,黒魔術師,しろまろ,1255,5
59位,,黒魔術師,えむはげK,1255,5
60位,,黒魔術師,えりーとにーと,1254,5
61位,,メイド,UnrealColor,1254,5
62位,,黒魔術師,（・ｘ・ミ）ノシ,1251,5
63位,,黒魔術師,へぃ、お待ち！？,1251,5
64位,,黒魔術師,小さいねろ,1251,5
65位,,黒魔術師,家政婦ぷーちゃん,1250,5
66位,,黒魔術師,Alcina,1250,5
67位,,黒魔術師,みぃどりん,1250,5
68位,,黒魔術師,（・ー・３３,1250,5
69位,,黒魔術師,（・ｘ・ミ）ノ,1250,5
70位,,黒魔術師,あの日見た夕日,1250,5
71位,,黒魔術師,†ロビン,1250,5
72位,,黒魔術師,雪羽2号,1250,5
73位,,黒魔術師,釣られないクマー,1250,5
74位,,メイド,おとちゃん,1250,5
75位,,メイド,marinin,1250,5
76位,,黒魔術師,ふに゜,1243,5
77位,,黒魔術師,すてみ,1241,5
78位,,黒魔術師,枢木,1232,5
79位,,黒魔術師,meden,1221,5
80位,,黒魔術師,ヴァシリッサ,1210,5
81位,,黒魔術師,SK・NON,1205,5
82位,,黒魔術師,神龍院莉緒,1203,5
83位,,黒魔術師,みるきちん,1200,5
84位,,黒魔術師,αカロテン,1192,5
85位,,メイド,ウインマリリン,1180,5
86位,,黒魔術師,楽々☆,1170,5
87位,,黒魔術師,StellaNigra,1150,5
88位,,黒魔術師,紫りのん,1138,5
89位,,黒魔術師,黒魔さん,1134,5
90位,,黒魔術師,黒あんちゃ,1134,5
91位,,黒魔術師,Lime。,1133,5
92位,,黒魔術師,帽子屋ちゃま,1133,5
93位,,黒魔術師,ﾟVﾟ.,1133,5
94位,,黒魔術師,冥王リン,1132,2
95位,,黒魔術師,ぴよこのこ,1130,5
96位,,黒魔術師,アガットクイーン,1128,5
97位,,黒魔術師,たりーずｍ,1125,5
98位,,黒魔術師,ChateauMargaux,1120,5
99位,,黒魔術師,HEXs,1119,5
100位,,黒魔術師,＄R1M,1119,5
101位,,黒魔術師,syuKuroma［G］,1118,5
102位,,黒魔術師,我慢できない。,1118,5
103位,,黒魔術師,Salazar,1117,3
104位,,黒魔術師,餃子魔,1116,5
105位,,黒魔術師,眼鏡はいいぞ,1115,5
106位,,黒魔術師,ハナピ,1112,5
107位,,黒魔術師,黒蒼穹,1111,5
108位,,黒魔術師,桜花☆彡,1109,5
109位,,黒魔術師,ひろぽんmaid,1100,5
110位,,黒魔術師,あの子のために。,1091,5
111位,,黒魔術師,くろま子,1083,5
112位,,黒魔術師,お前が働け,1082,5
113位,,黒魔術師,ただの案山子,1081,5
114位,,黒魔術師,ポップピップ,1078,5
115位,,黒魔術師,ちくわ売り,1074,5
116位,,黒魔術師,felmo,1074,5
117位,,黒魔術師,マドンナ・ブルー,1072,5
118位,,黒魔術師,角巻わためぇ,1071,5
119位,,黒魔術師,あーてぃ。,1070,5
120位,,黒魔術師,AshForce,1070,5
121位,,黒魔術師,路地裏の少女,1068,5
122位,,黒魔術師,NAYEON,1067,5
123位,,黒魔術師,ふるぅりぃ,1064,5
124位,,黒魔術師,花由良,1063,5
125位,,黒魔術師,Airoh,1057,5
126位,,黒魔術師,天＿黒,1055,5
127位,,黒魔術師,紅魔族めぐ,1050,5
128位,,黒魔術師,Bebe☆黒魔術師,1050,5
129位,,黒魔術師,ファルサリア,1048,5
130位,,黒魔術師,☆ｍｅｉ☆,1047,3
131位,,黒魔術師,たこしゅ,1045,5
132位,,黒魔術師,桃喰リリカ,1044,5
133位,,黒魔術師,EinherjarNigledo,1043,5
134位,,黒魔術師,城ヶ崎美嘉,1042,5
135位,,メイド,Bいど,1041,5
136位,,黒魔術師,Evelina,1039,5
137位,,黒魔術師,天翔＇龍閃,1036,5
138位,,黒魔術師,Ahri,1035,5
139位,,黒魔術師,☆ピルクル☆,1032,5
140位,,メイド,がるびぃ,1030,5
141位,,黒魔術師,内憂外患,1029,5
142位,,黒魔術師,‐NightWitch‐,1029,5
143位,,黒魔術師,鷸樒,1027,5
144位,,黒魔術師,PeaceBlack,1027,5
145位,,黒魔術師,あるじさまぁ♪,1026,5
146位,,黒魔術師,♪BEVEL♪,1025,5
147位,,黒魔術師,ビナ,1024,5
148位,,黒魔術師,ねこじゅつし,1024,5
149位,,黒魔術師,ぽにぽにくん,1023,5
150位,,黒魔術師,神と旋律,1021,5
151位,,メイド,suppliant,1021,5
152位,,メイド,麻李亜,1021,5
153位,,黒魔術師,くろねこのて,1019,5
154位,,黒魔術師,Gelidium,1018,5
155位,,黒魔術師,Coolish♪,1018,5
156位,,メイド,クワァームイ,1018,5
157位,,黒魔術師,GES０U,1017,4
158位,,黒魔術師,ロズリーヌ,1016,5
159位,,黒魔術師,クロノロワレ,1016,5
160位,,黒魔術師,黒さん２,1014,5
161位,,黒魔術師,おしぐ,1014,5
162位,,黒魔術師,タナト,1013,5
163位,,黒魔術師,掃除係,1012,5
164位,,黒魔術師,黒魔術師れね,1011,5
165位,,黒魔術師,Helga_Nacha,1008,5
166位,,黒魔術師,黄昏色の詩使い,1006,5
167位,,黒魔術師,チーター山内,1005,5
168位,,黒魔術師,桃花狼,1004,5
169位,,黒魔術師,あぉ,1004,4
170位,,黒魔術師,愛理。,1002,5
171位,,黒魔術師,ロベリアエリヌス,1002,5
172位,,黒魔術師,ほむぅママ,1002,5
173位,,黒魔術師,黒魔くるりん,1002,5
174位,,黒魔術師,サシャブラウス,1002,5
175位,,黒魔術師,のっぽパン2023,1002,5
176位,,メイド,やみりえ,1002,0
177位,,黒魔術師,イングラム田中,1001,5
178位,,黒魔術師,ルルーラ,1001,5
179位,,黒魔術師,mainon,1001,5
180位,,黒魔術師,ヘルメルナ,1001,5
181位,,黒魔術師,マッスルさいとう,1001,5
182位,,黒魔術師,GoldExWorld2022,1001,5
183位,,黒魔術師,奏音かのん,1001,5
184位,,黒魔術師,あまのがわ,1001,5
185位,,黒魔術師,精鋭鬼黒魔,1001,4
186位,,メイド,きんしろ,1001,3
187位,,黒魔術師,すぱさん,1000,5
188位,,黒魔術師,わかりみがふかい,1000,5
189位,,黒魔術師,しばしば,1000,5
190位,,黒魔術師,ψA2NiMaψ,1000,5
191位,,黒魔術師,ゆんみん,1000,5
192位,,黒魔術師,ナクシャ,1000,5
193位,,黒魔術師,たんぬんぬ,1000,5
194位,,黒魔術師,カロテン２号機,1000,5
195位,,黒魔術師,DTくろま,1000,5
196位,,黒魔術師,＄金剛石＄,1000,5
197位,,メイド,なまる,1000,5
198位,,黒魔術師,しぐれうい。,1000,3
199位,,黒魔術師,星乃珈琲店☆ミ,994,5
200位,,メイド,Vipsania,994,5
201位,,メイド,べホイミ,992,5
202位,,黒魔術師,イチゴの黒魔,991,5
203位,,メイド,みゅうてぃあ,991,5
204位,,黒魔術師,樟☆,990,5
205位,,黒魔術師,Ricty,989,5
206位,,黒魔術師,おこの姫,989,5
207位,,黒魔術師,ⅹ月ⅹ,988,5
208位,,黒魔術師,さきか,988,5
209位,,黒魔術師,ブランディッシュ,988,0
210位,,黒魔術師,まろしば,987,5
211位,,黒魔術師,メイチュ,986,5
212位,,黒魔術師,Bastet☆,986,5
213位,,黒魔術師,●●●●●●○,986,5
214位,,黒魔術師,カボスの黒魔,984,5
215位,,黒魔術師,もぉ～たん♪,983,5
216位,,黒魔術師,フォルメンテーラ,983,5
217位,,メイド,レネに尽くします,983,5
218位,,メイド,家政婦のメイ,983,0
219位,,黒魔術師,盟℃,982,5
220位,,黒魔術師,とろっとろ角煮,980,5
221位,,黒魔術師,ルビドラ,979,4
222位,,黒魔術師,DSKO164,978,5
223位,,黒魔術師,淡紅,978,5
224位,,黒魔術師,☆utaha☆,978,5
225位,,黒魔術師,如月よた,977,5
226位,,メイド,湊アクア,977,5
227位,,黒魔術師,黒天狗ぅ,977,2
228位,,黒魔術師,εBellε,976,4
229位,,黒魔術師,Haver,973,5
230位,,メイド,めいど☆彡,972,5
231位,,黒魔術師,麻沙未,971,5
232位,,黒魔術師,ちゃららら,971,5
233位,,黒魔術師,鳶一折紙,970,5
234位,,黒魔術師,あわわのわ,970,5
235位,,黒魔術師,ふらりん,970,5
236位,,メイド,GabrielCeresta,970,5
237位,,黒魔術師,木乃花志乃,969,5
238位,,黒魔術師,おけけパワー中島,968,3
239位,,黒魔術師,墓穴ちゃん☆彡,966,5
240位,,黒魔術師,りば,966,5
241位,,黒魔術師,グランゼ,966,5
242位,,黒魔術師,アンデス神ＤＸＵ,964,5
243位,,黒魔術師,kuromasan♪,963,5
244位,,黒魔術師,シスターミコ,963,5
245位,,黒魔術師,Ｄaydream,963,5
246位,,メイド,アルウェンシス,963,5
247位,,メイド,黒球爆発ﾄﾞｯｺｲｼｮ,963,5
248位,,黒魔術師,れい嬢,962,5
249位,,メイド,☆ﾏﾐﾑﾒｲﾄﾞ☆,962,5
250位,,黒魔術師,純華,961,5
251位,,黒魔術師,クレーちゃん,960,5
252位,,黒魔術師,闇魔法グルグル,960,5
253位,,黒魔術師,ドS上司,959,5
254位,,黒魔術師,stitch卍,959,5
255位,,黒魔術師,流動性のわな,959,4
256位,,黒魔術師,原田さん,959,1
257位,,黒魔術師,SchwarzMax,958,5
258位,,黒魔術師,アビス・ノアール,957,5
259位,,黒魔術師,Cloche,957,5
260位,,黒魔術師,インティクス,957,5
261位,,黒魔術師,naranja,957,0
262位,,黒魔術師,鮪。,956,3
263位,,黒魔術師,ペローナ様,956,0
264位,,黒魔術師,ｸﾗﾘｰﾈ,955,4
265位,,メイド,嵐ちゅわん,955,4
266位,,メイド,減塩,955,3
267位,,黒魔術師,雪見時雨,954,5
268位,,黒魔術師,楽園の翼,954,4
269位,,黒魔術師,ｺﾞｰﾙﾃﾞﾝﾁｬｲﾙﾄﾞ,953,5
270位,,黒魔術師,マルアカ∞,953,5
271位,,黒魔術師,ラファ・エル,953,5
272位,,黒魔術師,のんべおやじ,953,5
273位,,黒魔術師,しのぶちゃ,953,5
274位,,メイド,赤いヘアピン,953,5
275位,,黒魔術師,§ルナーサ§,953,2
276位,,黒魔術師,金くろまちゃん,952,5
277位,,黒魔術師,醤油あぶら,952,4
278位,,黒魔術師,吉田☆早希,951,0
279位,,黒魔術師,脳筋メガネ,950,5
280位,,黒魔術師,ソキル,950,5
281位,,メイド,cleep,950,5
282位,,メイド,ダブルブラック,950,4
283位,,黒魔術師,kurokko,949,5
284位,,黒魔術師,セリシュア,949,5
285位,,黒魔術師,Sara・Shane,948,5
286位,,黒魔術師,Levicoco,947,5
287位,,黒魔術師,YAMASA・BLACK,947,5
288位,,黒魔術師,カタリナ卿,947,3
289位,,黒魔術師,Ling時雨,946,5
290位,,メイド,アンヘルΘ,946,5
291位,,メイド,かんなひめ,946,5
292位,,メイド,みつばひめ,946,5
293位,,黒魔術師,☆EMIRIA☆,946,4
294位,,黒魔術師,華のしずく,946,2
295位,,黒魔術師,TIBIMIKO,945,3
296位,,メイド,お仕置きだぞ！,944,5
297位,,黒魔術師,暗黒の女王,944,0
298位,,黒魔術師,くろま～,943,5
299位,,黒魔術師,きなこ♪,943,3
300位,,メイド,Gauvain,943,0
301位,,黒魔術師,鴇羽,942,5
302位,,黒魔術師,かりすまにーと。,942,5
303位,,メイド,Nostromo,942,5
304位,,黒魔術師,君色ラテアート,941,5
305位,,メイド,天ノ箒,941,5
306位,,黒魔術師,ひまじんのくろま,941,4
307位,,メイド,魔女子メグ,941,4
308位,,黒魔術師,JIRUHI,940,5
309位,,黒魔術師,クル・クル,940,5
310位,,黒魔術師,酒肴,940,5
311位,,黒魔術師,靈狐,940,5
312位,,黒魔術師,み～あ,940,5
313位,,黒魔術師,電撃☆BOP,940,5
314位,,黒魔術師,Nitestalker,939,5
315位,,黒魔術師,サシャーー,939,5
316位,,黒魔術師,ぱいんさいだー,939,5
317位,,黒魔術師,Therasia,939,3
318位,,黒魔術師,滅っちゃん,938,5
319位,,黒魔術師,ルーﾅ,938,5
320位,,メイド,ﾊﾟｰﾌﾟﾙﾚﾃﾞｨ,938,5
321位,,黒魔術師,サンちゃん♪,938,0
322位,,黒魔術師,みっちゃん♪夜,937,5
323位,,黒魔術師,黑のワルツ,937,5
324位,,黒魔術師,マリフィア,937,5
325位,,黒魔術師,Jack30,937,3
326位,,メイド,迷子羊,937,3
327位,,黒魔術師,ハデス☆,936,5
328位,,黒魔術師,こーひーぱん,936,5
329位,,黒魔術師,天ﾉ暗黒,936,5
330位,,メイド,ミッキークイーン,936,5
331位,,メイド,嬉しそうなおすぎ,936,5
332位,,メイド,ふぐりん,936,5
333位,,黒魔術師,あぶりかぶり,935,5
334位,,黒魔術師,冬宿レム,935,5
335位,,黒魔術師,Deron114514C,935,5
336位,,メイド,里見菜穂子,935,5
337位,,メイド,AEREON,935,5
338位,,黒魔術師,クロシェット,935,3
339位,,黒魔術師,姐さん♪,935,2
340位,,メイド,Henrietta♪,935,2
341位,,黒魔術師,桃冠,934,5
342位,,黒魔術師,エルネスティーネ,934,5
343位,,黒魔術師,えーす卿,934,5
344位,,メイド,ペコ☆エルモア,934,5
345位,,黒魔術師,yamada7000,934,4
346位,,メイド,ﾓﾝｺﾞﾒﾘｰ・ﾊﾝﾅ,934,3
347位,,黒魔術師,Rowan,933,5
348位,,黒魔術師,道徳塗説,933,5
349位,,黒魔術師,金ｔｙ－る,933,5
350位,,黒魔術師,はやっち,933,5
351位,,メイド,きゃりーぱこぱこ,933,5
352位,,メイド,ほうき大使,933,4
353位,,黒魔術師,ﾔﾑﾁｬしやがって,933,3
354位,,黒魔術師,ko愛梨ok,933,2
355位,,黒魔術師,時計塔のマリア,933,2
356位,,黒魔術師,めうめう,932,5
357位,,黒魔術師,天＿烙,932,5
358位,,黒魔術師,21金育ち,932,5
359位,,黒魔術師,リアーチェ,932,4
360位,,黒魔術師,お邪魔しま～す,932,1
361位,,黒魔術師,エヴァ・グリーン,931,5
362位,,黒魔術師,黒魔参,931,5
363位,,黒魔術師,七星守護,931,5
364位,,黒魔術師,デリメコ,931,5
365位,,黒魔術師,アイス2個無料,931,5
366位,,黒魔術師,リップスティック,931,5
367位,,黒魔術師,ちゃっぽりん,931,5
368位,,黒魔術師,豹火,931,5
369位,,メイド,♪せんこ♪,931,5
370位,,メイド,ら行のメイド,931,5
371位,,メイド,hideto203402,931,4
372位,,メイド,ぺろりん♪,931,1
373位,,黒魔術師,イリスフィリア,931,0
374位,,黒魔術師,華奢,930,5
375位,,黒魔術師,Rivaas,930,5
376位,,黒魔術師,ｸﾛｰﾑ髑髏,930,5
377位,,黒魔術師,天空の黒猫,930,5
378位,,黒魔術師,‡へたれ‡,930,5
379位,,黒魔術師,トダエ,930,5
380位,,黒魔術師,Object268,930,3
381位,,黒魔術師,∫朱華∫,930,2
382位,,黒魔術師,月乃アスナ,929,5
383位,,黒魔術師,Clariss_Corvey,929,5
384位,,黒魔術師,旗持ちたぬき,929,5
385位,,黒魔術師,デラックスクロマ,929,4
386位,,黒魔術師,ｸﾞﾗﾝｱﾚｸﾞﾘｱ,928,5
387位,,黒魔術師,PIで配向必須,928,5
388位,,黒魔術師,クロチルダ,928,5
389位,,黒魔術師,抹白吏架,928,5
390位,,メイド,冥凜,928,5
391位,,メイド,hideto2015k,928,4
392位,,黒魔術師,黒の民,928,1
393位,,黒魔術師,アキラ≠ドゥ≠ダ,928,1
394位,,黒魔術師,ティラミスパフェ,928,0
395位,,黒魔術師,メイファイア,927,5
396位,,黒魔術師,contami,927,5
397位,,黒魔術師,もう…えっち！,927,5
398位,,黒魔術師,みむら,927,5
399位,,黒魔術師,万屋凜ちゃん,927,5
400位,,黒魔術師,そこがかゆいの,927,5
401位,,黒魔術師,§ぱみゅ§,927,5
402位,,黒魔術師,Critical_Crystal,927,5
403位,,黒魔術師,警視庁交通執行係,927,5
404位,,黒魔術師,ⅩSennaⅩ,927,4
405位,,黒魔術師,五十嵐☆清華,927,1
406位,,黒魔術師,美しき闘将,927,0
407位,,メイド,まるもふ,927,0
408位,,黒魔術師,ライナスの毛布,926,5
409位,,黒魔術師,でっか,926,5
410位,,黒魔術師,LiselotteCretia,926,5
411位,,黒魔術師,音流λ,926,5
412位,,黒魔術師,ビビリン,926,5
413位,,メイド,レア・セドゥ,926,5
414位,,メイド,怪しいメイド,926,5
415位,,メイド,にわひつじ,926,5
416位,,メイド,マナさん,926,5
417位,,黒魔術師,クレア,926,4
418位,,黒魔術師,無限ｸﾛﾏぷっち,926,3
419位,,黒魔術師,魔人フィーナ,926,0
420位,,黒魔術師,マキマ,925,5
421位,,黒魔術師,ｼｬｰﾛｯﾄ･K･ﾐｭｰﾙ,925,5
422位,,黒魔術師,Mello_Yello,925,5
423位,,黒魔術師,呂玲崎,925,5
424位,,黒魔術師,フー・リー,925,5
425位,,黒魔術師,吾輩も猫である,925,5
426位,,メイド,冥土戦士みょん⇒,925,5
427位,,メイド,Cattleya☆,925,5
428位,,メイド,えだまめcrisis,925,5
429位,,黒魔術師,まりこさまDX,925,3
430位,,メイド,Mimilara,925,3
431位,,メイド,ジニーちゃん♪,925,0
432位,,黒魔術師,裸足の乙女,924,5
433位,,黒魔術師,Rauha。,924,5
434位,,黒魔術師,☆エルー☆,924,5
435位,,黒魔術師,☆ゆるキャラ☆,924,5
436位,,メイド,お豆腐姫,924,5
437位,,黒魔術師,∇聖闇星∇,924,4
438位,,メイド,イヨカン,924,3
439位,,黒魔術師,来栖c,924,0
440位,,メイド,でじ子,924,0
441位,,黒魔術師,ひょうけつ,923,5
442位,,黒魔術師,李怨,923,5
443位,,黒魔術師,ちしゃみ,923,5
444位,,メイド,テンダラー上原,923,5
445位,,メイド,☆ぼろ雑巾,923,5
446位,,メイド,meido10,923,5
447位,,黒魔術師,ワイルドイブ,923,3
448位,,メイド,メイド物理です,923,1
449位,,黒魔術師,クレア・マット,923,0
450位,,黒魔術師,AnkCrest,922,5
451位,,黒魔術師,黒レモンソーダー,922,5
452位,,黒魔術師,阿備,922,5
453位,,黒魔術師,テンピ,922,5
454位,,黒魔術師,ぴりぴりか,922,5
455位,,黒魔術師,黒魔リア,922,5
456位,,黒魔術師,＄導師＄,922,5
457位,,黒魔術師,CallsignPrologue,922,5
458位,,メイド,Silber_Anker,922,5
459位,,黒魔術師,春姫†,921,5
460位,,黒魔術師,そ～さら～☆彡,921,5
461位,,黒魔術師,黒紅の月,921,5
462位,,黒魔術師,1100円,921,5
463位,,黒魔術師,名も無き魔女,921,5
464位,,黒魔術師,ボヨヨンロック,921,5
465位,,黒魔術師,なすちき。,921,5
466位,,黒魔術師,黒い女,921,5
467位,,黒魔術師,ビビッドブラック,921,5
468位,,黒魔術師,ぱーる。,921,5
469位,,黒魔術師,肩透かし黒糖パン,921,5
470位,,黒魔術師,飛箒,921,5
471位,,メイド,ﾚｲﾄﾞ･ｸﾘｽﾃｨｰﾇ,921,5
472位,,黒魔術師,最終魔王894,921,4
473位,,メイド,みみーⅡ,921,4
474位,,黒魔術師,ダイソン（掃除）,921,3
475位,,黒魔術師,宮王子蓮,921,0
476位,,黒魔術師,ﾊﾞﾙﾅﾊﾞｽ,920,5
477位,,黒魔術師,ReeMal,920,5
478位,,黒魔術師,kulock,920,5
479位,,メイド,闇黒女王,920,5
480位,,メイド,Wホワイト,920,5
481位,,黒魔術師,乳眼鏡,920,4
482位,,メイド,hideto201509,920,4
483位,,黒魔術師,クミⅤ,920,2
484位,,メイド,すんどめ,920,2
485位,,メイド,黒ゆり,920,0
486位,,黒魔術師,☆Elaine☆黒☆彡,919,5
487位,,黒魔術師,悪魔っこ,919,5
488位,,黒魔術師,9one,919,5
489位,,黒魔術師,ななちゃんまる,919,5
490位,,黒魔術師,闇落ちチルル,919,5
491位,,黒魔術師,遠見空花,919,5
492位,,メイド,ですの！,919,5
493位,,黒魔術師,コメットさん☆彡,919,4
494位,,メイド,リゼ様。,919,4
495位,,メイド,satoST,919,1
496位,,メイド,Hordaine,919,0
497位,,メイド,SAYOKOGON,919,0
498位,,黒魔術師,Yutaca¨,918,5
499位,,黒魔術師,ｸﾞﾛｰﾗｲﾄﾃﾄﾗ,918,5
500位,,黒魔術師,Halula,918,5
501位,,黒魔術師,ロマロ,918,5
502位,,黒魔術師,PopBoy,918,5
503位,,メイド,ティアレット,918,5
504位,,メイド,coach7533,918,5
505位,,メイド,フィッシュル,918,5
506位,,メイド,簀巻２,918,4
507位,,黒魔術師,レネ＝ブリッセ,918,2
508位,,メイド,ドジっ子らりー,918,0
509位,,黒魔術師,DECORTE,917,5
510位,,黒魔術師,ひなーの,917,5
511位,,黒魔術師,Mel†uy,917,5
512位,,黒魔術師,むちこさん,917,5
513位,,黒魔術師,happysugarlife,917,5
514位,,黒魔術師,あみのすけ,917,5
515位,,黒魔術師,ⅹ麗羅ⅹ,917,5
516位,,メイド,つう♪,917,5
517位,,メイド,わべ美,917,5
518位,,メイド,桜小町,917,5
519位,,メイド,阿麻弥姑,917,5
520位,,黒魔術師,monako先輩,917,4
521位,,黒魔術師,導師みぬき,917,3
522位,,メイド,まなちゃん☆,917,2
523位,,黒魔術師,ダスキングレート,917,0
524位,,メイド,金鯖産黒魔2017,917,0
525位,,黒魔術師,ねこ魔,916,5
526位,,黒魔術師,mil＊tee,916,5
527位,,黒魔術師,こんちゃんだ,916,5
528位,,黒魔術師,サリーちゃん？,916,5
529位,,黒魔術師,ぺろはち,916,5
530位,,黒魔術師,ⅹエマⅹ,916,5
531位,,黒魔術師,☆リ☆リ☆,916,5
532位,,メイド,九菖,916,5
533位,,メイド,カロリーメイド,916,5
534位,,メイド,空野畝,916,5
535位,,メイド,したちゃ,916,5
536位,,メイド,ﾒｲﾄﾞ・ｲﾝ・ｼﾞｬﾊﾟﾝ,916,5
537位,,黒魔術師,白なな,916,4
538位,,黒魔術師,KING08,916,4
539位,,黒魔術師,西洞院百合子,916,3
540位,,黒魔術師,黒の煉術士,916,3
541位,,メイド,どれみふぁそ,916,3
542位,,黒魔術師,漆黒の黒板,916,2
543位,,黒魔術師,ナチェア,916,1
544位,,メイド,CandiceAccola,916,1
545位,,黒魔術師,ツンデレ姉ちゃん,916,0
546位,,メイド,めいど☆,916,0
547位,,黒魔術師,Kaylee,915,5
548位,,黒魔術師,雷くま,915,5
549位,,黒魔術師,えろ神,915,5
550位,,黒魔術師,あみたみーな,915,5
551位,,黒魔術師,フェイリア,915,5
552位,,黒魔術師,アニエッタ,915,5
553位,,メイド,ｶｽﾀｰﾄﾞﾌﾟﾃﾞｨﾝｸﾞ,915,5
554位,,メイド,§Shinon§,915,5
555位,,黒魔術師,エカルト,915,4
556位,,黒魔術師,ぱにゃにゃん,915,4
557位,,メイド,2017hideto,915,4
558位,,黒魔術師,碧藍,915,3
559位,,黒魔術師,kurojuna,915,0
560位,,黒魔術師,紫咲しおん,914,5
561位,,黒魔術師,CampbellEarly,914,5
562位,,黒魔術師,†BlackPau†,914,5
563位,,黒魔術師,終音よた,914,5
564位,,黒魔術師,生粋の男の娘,914,5
565位,,黒魔術師,Kkuta,914,5
566位,,黒魔術師,NemuNoki,914,4
567位,,黒魔術師,レイアーティ,914,4
568位,,黒魔術師,TL70,914,4
569位,,メイド,ツキウサ,914,4
570位,,黒魔術師,もちゃ術師,914,2
571位,,黒魔術師,AlexisBledel,914,1
572位,,メイド,宝飾の指,914,1
573位,,黒魔術師,ﾃﾝﾌｨｰﾄ,914,0
574位,,メイド,嵐ちゃわ～ん,914,0
575位,,黒魔術師,イワリサ,913,5
576位,,黒魔術師,エルフィーユ,913,5
577位,,黒魔術師,tantan_05,913,5
578位,,黒魔術師,ピンク髪のお姉様,913,5
579位,,黒魔術師,ほむりりぃ,913,5
580位,,黒魔術師,紫紺野牡丹,913,5
581位,,黒魔術師,絶禍,913,5
582位,,黒魔術師,みりぁん,913,5
583位,,メイド,か～らΨ,913,5
584位,,メイド,神無音,913,5
585位,,メイド,亜加里,913,5
586位,,メイド,かぶとむし82号,913,5
587位,,黒魔術師,見てるか谷沢,913,3
588位,,黒魔術師,くくり♪,913,3
589位,,黒魔術師,とるりり,913,0
590位,,黒魔術師,榴火,913,0
591位,,黒魔術師,黒薔薇の騎士,912,5
592位,,黒魔術師,☆バーデン☆,912,5
593位,,黒魔術師,Tough＆Cute,912,5
594位,,黒魔術師,激辛キムチ,912,5
595位,,黒魔術師,喫茶黒うさぎ,912,5
596位,,黒魔術師,嫌です。,912,5
597位,,黒魔術師,まくろ,912,5
598位,,黒魔術師,ﾘﾘｴｰﾙ・ﾌﾞﾗｯﾄﾞﾘｨ,912,5
599位,,黒魔術師,オリヴィア・如月,912,4
600位,,黒魔術師,kita06,912,4
601位,,黒魔術師,ブラックテトラ,912,4
602位,,黒魔術師,VladDrakulya,912,4
603位,,メイド,R_YU_NA,912,4
604位,,メイド,いもみん♪,912,2
605位,,メイド,ぺろもん♪,912,2
606位,,メイド,ソウーコ長,912,2
607位,,黒魔術師,76th,912,1
608位,,黒魔術師,う～ちゃ♪,912,0
609位,,黒魔術師,せらますみ,911,5
610位,,黒魔術師,ラガマフォン,911,5
611位,,黒魔術師,Iberis_a,911,5
612位,,黒魔術師,GoldExecute,911,5
613位,,黒魔術師,nattsu。,911,5
614位,,黒魔術師,G9（10）,911,5
615位,,黒魔術師,ポルチーニ。,911,5
616位,,黒魔術師,ねこ・くろ,911,5
617位,,黒魔術師,芳峰,911,5
618位,,メイド,津川瑞希♪,911,5
619位,,黒魔術師,ヒナノレイ,911,4
620位,,黒魔術師,猫のうんち,911,4
621位,,メイド,xレイニーx,911,4
622位,,黒魔術師,ルスティカーナ,911,3
623位,,メイド,給仕みぬき,911,3
624位,,黒魔術師,けいら・ゆうみ,911,2
625位,,黒魔術師,ﾒｲﾄﾞ☆彡,911,0
626位,,メイド,白の海皇,911,0
627位,,黒魔術師,ｸﾚﾑｼｭﾆﾃ,910,5
628位,,黒魔術師,おさわり探偵,910,5
629位,,黒魔術師,こここ子,910,5
630位,,黒魔術師,対シウトメ兵器♪,910,5
631位,,黒魔術師,秘境。,910,5
632位,,黒魔術師,GoldExaggerate,910,5
633位,,黒魔術師,リアル男の娘,910,5
634位,,メイド,リリィ・ベル,910,5
635位,,メイド,ボンボンショコラ,910,5
636位,,メイド,ｼｪﾘｱ・ﾊﾞｰﾝｽﾞ,910,5
637位,,メイド,ｲﾁｺﾞﾐﾙｸﾎﾟｯｷｰ,910,5
638位,,メイド,メイドAA,910,5
639位,,黒魔術師,ソェイル,910,2
640位,,黒魔術師,黒め,910,2
641位,,黒魔術師,闇魔女,910,2
642位,,メイド,るんばあ,910,2
643位,,黒魔術師,世も末りょうこ,910,0
644位,,黒魔術師,くろまたん,910,0
645位,,黒魔術師,Eckdna,910,0
646位,,黒魔術師,羅魅唖,909,5
647位,,黒魔術師,くろみさ,909,5
648位,,黒魔術師,天輪姫,909,5
649位,,黒魔術師,hironasu,909,5
650位,,黒魔術師,キシ男のメイド,909,5
651位,,黒魔術師,噂のあの娘♪,909,5
652位,,黒魔術師,おーとます,909,5
653位,,黒魔術師,minasΨ,909,5
654位,,黒魔術師,トキシッコ,909,5
655位,,黒魔術師,直怜,909,5
656位,,黒魔術師,ムズムズ,909,5
657位,,黒魔術師,デカァーイ！（説,909,5
658位,,メイド,M‐I‐Y‐U,909,5
659位,,黒魔術師,麗しのサブリナ,909,4
660位,,黒魔術師,Greole,909,4
661位,,メイド,beLEGEND,909,4
662位,,メイド,siｍpｌｅ,909,4
663位,,黒魔術師,アカ＝キイロ,909,3
664位,,メイド,harokunn,909,3
665位,,黒魔術師,nisemasan！,909,2
666位,,黒魔術師,Milky____,909,2
667位,,黒魔術師,ランブル＠,909,2
668位,,黒魔術師,結璃,909,1
669位,,黒魔術師,玉cool,909,1
670位,,黒魔術師,paparako,909,0
671位,,黒魔術師,みゅしゃ,909,0
672位,,黒魔術師,箒砕,909,0
673位,,黒魔術師,Vtuber不断シエﾉﾚ,909,0
674位,,黒魔術師,アヒャコ,909,0
675位,,メイド,みたらしぷりん,909,0
676位,,黒魔術師,ぴろま,908,5
677位,,黒魔術師,雨宮美玖,908,5
678位,,黒魔術師,Luculia,908,5
679位,,黒魔術師,Asriel,908,5
680位,,黒魔術師,紅蓮の黒魔術士,908,5
681位,,メイド,永・凹・阿阿瑠：,908,5
682位,,メイド,箒で殴りたい,908,5
683位,,メイド,まなぷりんメイド,908,5
684位,,メイド,ヾ（・ω´・；）,908,5
685位,,黒魔術師,麗艶姫,908,4
686位,,メイド,※Mding※,908,4
687位,,メイド,meika,908,4
688位,,メイド,ルケリーノ,908,3
689位,,黒魔術師,黒魔＠１,908,1
690位,,黒魔術師,ROANN,908,0
691位,,黒魔術師,のるごん,908,0
692位,,メイド,タスティ,908,0
693位,,黒魔術師,逃げます逃げます,907,5
694位,,黒魔術師,そとわくO,907,5
695位,,黒魔術師,朱の弦月,907,5
696位,,黒魔術師,GoldExtinguish,907,5
697位,,黒魔術師,かとうえみり,907,5
698位,,黒魔術師,うそつかない,907,5
699位,,黒魔術師,ChristmasCandle,907,5
700位,,黒魔術師,Shenhua,907,5
701位,,メイド,星咲せいら,907,5
702位,,メイド,まりあんな,907,5
703位,,メイド,奴隷メイド,907,5
704位,,メイド,Correctio,907,5
705位,,メイド,myuumei,907,5
706位,,メイド,ざくざく００７,907,5
707位,,黒魔術師,らぶりん,907,4
708位,,黒魔術師,ファーメンジーナ,907,4
709位,,黒魔術師,セリウム５８,907,4
710位,,黒魔術師,こどものおさけ,907,4
711位,,黒魔術師,Erza‐Scarlett,907,4
712位,,黒魔術師,nyamu,907,4
713位,,メイド,キュｰティｰハニｰ,907,4
714位,,メイド,殺戮ロボ,907,4
715位,,黒魔術師,雅輝,907,3
716位,,黒魔術師,笹木咲,907,3
717位,,黒魔術師,れいきゃξ,907,3
718位,,メイド,メイ・ド＝サン,907,3
719位,,黒魔術師,ナリタタイシン,907,2
720位,,メイド,可愛いって言って,907,1
721位,,黒魔術師,ぺる☆,907,0
722位,,黒魔術師,黒ゆう,907,0
723位,,黒魔術師,おなかぺこ,907,0
724位,,黒魔術師,核砕,907,0
725位,,メイド,ろずりーぬ,907,0
726位,,黒魔術師,ブラック☆レディ,906,5
727位,,黒魔術師,幻創のイデア,906,5
728位,,黒魔術師,掃いて捨てちゃう,906,5
729位,,黒魔術師,Chartreux,906,5
730位,,黒魔術師,くろまか,906,5
731位,,メイド,お任せします,906,5
732位,,メイド,datex,906,5
733位,,メイド,おていちゃん,906,5
734位,,メイド,Izavel,906,5
735位,,黒魔術師,伊吹愛奈,906,4
736位,,黒魔術師,マリーダちゃん,906,4
737位,,黒魔術師,みんと提督,906,4
738位,,黒魔術師,バルディオーク～,906,4
739位,,黒魔術師,☆黒燿☆,906,4
740位,,黒魔術師,お掃除監督,906,4
741位,,メイド,モンチャン,906,4
742位,,メイド,フィオ・ピッコロ,906,4
743位,,メイド,まるねこ,906,4
744位,,メイド,メイドΩ,906,4
745位,,メイド,っパイン,906,3
746位,,黒魔術師,コロナナモレモモ,906,0
747位,,黒魔術師,金剛改二,906,0
748位,,黒魔術師,GoldExcavation,906,0
749位,,黒魔術師,照井川,906,0
750位,,黒魔術師,はたらくﾒｲﾄﾞ様！,905,5
751位,,黒魔術師,イヴェル,905,5
752位,,黒魔術師,めいどらら,905,5
753位,,黒魔術師,＄金魔術師＄,905,5
754位,,黒魔術師,あざといやるを,905,5
755位,,黒魔術師,グレイスレイン,905,5
756位,,黒魔術師,第6ﾄﾞｰﾙ雛苺,905,5
757位,,黒魔術師,ドーラ船長,905,5
758位,,メイド,苺妃,905,5
759位,,メイド,ぼたんひめ,905,5
760位,,メイド,あかねひめ,905,5
761位,,メイド,ogsan,905,5
762位,,メイド,ショチケツアル,905,5
763位,,黒魔術師,ベガ☆,905,4
764位,,黒魔術師,朱狐,905,4
765位,,黒魔術師,冷凍夏みかん,905,4
766位,,黒魔術師,黒丸さん,905,4
767位,,メイド,ドロシーリトルハ,905,3
768位,,黒魔術師,殲滅いたします。,905,2
769位,,黒魔術師,マイディン,905,0
770位,,メイド,キャロミア,905,0
771位,,黒魔術師,ブラッドハニー,904,5
772位,,黒魔術師,ふゆあき,904,5
773位,,黒魔術師,GoldExquisite,904,5
774位,,黒魔術師,pechita,904,5
775位,,黒魔術師,のっぽパン2020,904,5
776位,,黒魔術師,GoldExclaim,904,5
777位,,黒魔術師,ユリアス・カイン,904,5
778位,,黒魔術師,lonfe,904,5
779位,,黒魔術師,IdluLili,904,5
780位,,黒魔術師,Lemon§tree,904,5
781位,,黒魔術師,ACE魔,904,5
782位,,黒魔術師,アモリト,904,5
783位,,黒魔術師,ﾘｰﾘｬﾙ・ｻﾞﾊｰﾄﾞ,904,5
784位,,メイド,お疲れ様,904,5
785位,,メイド,幻の撃墜王－偽者,904,5
786位,,メイド,アースロゼ,904,5
787位,,メイド,すずなひめ,904,5
788位,,メイド,きせつ,904,5
789位,,メイド,ミルクフラペチー,904,5
790位,,黒魔術師,NOTにんにん,904,4
791位,,黒魔術師,ｺﾚﾃﾞﾓﾒｲﾄﾞﾃﾞｽ☆,904,4
792位,,メイド,テマミ,904,4
793位,,黒魔術師,Grand_Red,904,3
794位,,メイド,FoxyTail,904,2
795位,,黒魔術師,キューレ,904,1
796位,,黒魔術師,なすか,904,1
797位,,黒魔術師,にぶたにしんか,904,0
798位,,メイド,愛乃♪,904,0
799位,,黒魔術師,RE￠NA,903,5
800位,,黒魔術師,るりりーぬ,903,5
801位,,黒魔術師,清掃ボランティア,903,5
802位,,黒魔術師,††雷光一閃††,903,5
803位,,黒魔術師,のっぽパン2019,903,5
804位,,黒魔術師,腸炎ビブリオ,903,5
805位,,黒魔術師,ソシナ,903,5
806位,,黒魔術師,田舎の黒姫,903,5
807位,,黒魔術師,あびちゃーん,903,5
808位,,黒魔術師,めいどららぁ,903,5
809位,,黒魔術師,暴食の化身エリス,903,5
810位,,黒魔術師,うぇぷぉ,903,5
811位,,黒魔術師,林檎桃花姫M,903,5
812位,,メイド,rabi。,903,5
813位,,メイド,あやめひめ,903,5
814位,,メイド,しおんひめ,903,5
815位,,メイド,すみれひめ,903,5
816位,,メイド,まみんご,903,5
817位,,メイド,旅人リラン,903,5
818位,,黒魔術師,こらんだむ＋,903,4
819位,,黒魔術師,ψプラネψ,903,4
820位,,黒魔術師,Chevy07,903,4
821位,,黒魔術師,しばいぬ,903,4
822位,,黒魔術師,魔人NN,903,4
823位,,黒魔術師,じゃがいもまる,903,4
824位,,黒魔術師,アーチゾルデ,903,4
825位,,黒魔術師,〓黒魔〓,903,4
826位,,メイド,リトロン,903,4
827位,,メイド,Flu_MAⅡ,903,4
828位,,黒魔術師,エミーシャ,903,3
829位,,黒魔術師,花天月地♪,903,3
830位,,黒魔術師,クランケ,903,3
831位,,黒魔術師,ふぅりん,903,3
832位,,メイド,kクリン,903,1
833位,,黒魔術師,鬼黒魔,903,0
834位,,メイド,VALRHONA,903,0
835位,,メイド,鈴原川,903,0
836位,,黒魔術師,Crudelis,902,5
837位,,黒魔術師,モツ美,902,5
838位,,黒魔術師,肉まんくん,902,5
839位,,黒魔術師,れい☆ちぇる,902,5
840位,,黒魔術師,hina氏,902,5
841位,,黒魔術師,ココロフロート,902,5
842位,,黒魔術師,メダカハウス,902,5
843位,,黒魔術師,そらしどδ,902,5
844位,,黒魔術師,ヴァツリッサ,902,5
845位,,黒魔術師,iiiiiiiliiii,902,5
846位,,黒魔術師,おかゆん,902,5
847位,,メイド,あざみひめ,902,5
848位,,メイド,ロゼち,902,5
849位,,メイド,Trifoglio,902,5
850位,,メイド,崖の下のボニョ,902,5
851位,,メイド,エミーナ♪,902,5
852位,,メイド,なめたけ師匠,902,5
853位,,黒魔術師,メンヘラちゃん,902,4
854位,,黒魔術師,ユジス,902,4
855位,,黒魔術師,hanageちゃん,902,4
856位,,黒魔術師,ダメ黒,902,4
857位,,メイド,ちいてゃ,902,4
858位,,メイド,だくねす,902,4
859位,,メイド,ペロリンヌ,902,4
860位,,黒魔術師,黒魔Chang,902,3
861位,,黒魔術師,κοη＋,902,3
862位,,黒魔術師,ねこ魔術師,902,3
863位,,黒魔術師,AbisNekuron,902,3
864位,,黒魔術師,Apple黒魔001,902,3
865位,,黒魔術師,リーシアＥ,902,3
866位,,メイド,ﾀﾞｸﾈｽ家ﾒｲﾄﾞ長,902,3
867位,,メイド,らいにゃん,902,3
868位,,黒魔術師,sserecros,902,2
869位,,メイド,ぺろん♪,902,2
870位,,メイド,IceQueen,902,2
871位,,メイド,VampirePrincess,902,2
872位,,メイド,LastWitch,902,2
873位,,メイド,WitchMago,902,2
874位,,黒魔術師,闘う女戦士,902,0
875位,,黒魔術師,にーちゅ,902,0
876位,,黒魔術師,シャゲダン女王,902,0
877位,,黒魔術師,だーーいえ４,902,0
878位,,黒魔術師,NakedApeG,902,0
879位,,メイド,循環,902,0
880位,,メイド,ApronDress,902,0
881位,,メイド,LittleHelper,902,0
882位,,黒魔術師,ＭaYa†,901,5
883位,,黒魔術師,ﾏﾁｭﾋﾟﾁｭﾁｭﾊﾟﾁｭﾊﾟ,901,5
884位,,黒魔術師,pinky☆swear,901,5
885位,,黒魔術師,毎度,901,5
886位,,黒魔術師,DorothyGodwin,901,5
887位,,黒魔術師,ClarissaMiller,901,5
888位,,黒魔術師,ClaudiaMiller,901,5
889位,,黒魔術師,Guran．,901,5
890位,,黒魔術師,くろま。,901,5
891位,,黒魔術師,nino☆,901,5
892位,,黒魔術師,ChocolateMocha,901,5
893位,,黒魔術師,＄金柑＄,901,5
894位,,黒魔術師,かにめし,901,5
895位,,黒魔術師,仇月,901,5
896位,,メイド,いずみさわ,901,5
897位,,メイド,жSyuＳyuж,901,5
898位,,メイド,CharlotteHale,901,5
899位,,メイド,セつコ,901,5
900位,,メイド,OVA零号機,901,5
901位,,メイド,よなぐにっ,901,5
902位,,メイド,ﾊﾟﾘﾋﾟ先生,901,5
903位,,メイド,Clochedor,901,5
904位,,メイド,伯耆守,901,5
905位,,メイド,碧白,901,5
906位,,メイド,みくりんк,901,5
907位,,メイド,夏目准,901,5
908位,,黒魔術師,かのちゃん,901,4
909位,,黒魔術師,o燐火o,901,4
910位,,黒魔術師,雪風♪,901,4
911位,,メイド,ﾄｩｰﾙ･ﾄｩｰﾙ･ﾄｩ,901,4
912位,,メイド,××ぞう××,901,4
913位,,メイド,るん子,901,4
914位,,メイド,カッチョーン,901,4
915位,,黒魔術師,紫杏,901,3
916位,,黒魔術師,金玉乱れ太郎,901,3
917位,,メイド,§レム§,901,3
918位,,黒魔術師,だくっち,901,2
919位,,黒魔術師,ねろ38,901,1
920位,,メイド,カスタード味,901,1
921位,,黒魔術師,倚音,901,0
922位,,黒魔術師,ラムネグミ,901,0
923位,,メイド,炎メイドくるりん,901,0
924位,,メイド,GESOS,901,0
925位,,メイド,トゥールビヨン,901,0
926位,,メイド,安東川,901,0
927位,,黒魔術師,＃mura＃,900,5
928位,,黒魔術師,なずなひめ,900,5
929位,,黒魔術師,メシャクブラック,900,5
930位,,黒魔術師,しろろ。,900,5
931位,,黒魔術師,ﾛｽｱﾝ,900,5
932位,,黒魔術師,おにぴ。,900,5
933位,,メイド,☆美千しお,900,5
934位,,メイド,EuphemiaHale,900,5
935位,,メイド,CherylHale,900,5
936位,,メイド,グランヒル,900,5
937位,,メイド,Wilhelmina_Final,900,5
938位,,メイド,DЯαGоηια,900,5
939位,,メイド,Foaran,900,5
940位,,メイド,Myucel,900,5
941位,,メイド,ﾀｰﾆｬ･ﾃﾞｸﾞﾚﾁｬﾌ,900,5
942位,,メイド,らもふぁー1,900,5
943位,,メイド,キャバレー,900,5
944位,,黒魔術師,長門っち☆,900,4
945位,,黒魔術師,マルルーモ,900,4
946位,,黒魔術師,ぽぬたにえん,900,4
947位,,黒魔術師,柚子里,900,4
948位,,黒魔術師,ｳｫｰﾚﾝｸﾛﾏﾃｨ,900,4
949位,,黒魔術師,いいかんじのブス,900,3
950位,,黒魔術師,黒凜,900,3
951位,,黒魔術師,maido,900,3
952位,,黒魔術師,どどぴゅん子,900,3
953位,,黒魔術師,殲滅系,900,3
954位,,黒魔術師,＊Fleur＊,900,3
955位,,メイド,☆ユリアスR☆,900,3
956位,,メイド,舂色,900,3
957位,,メイド,秋牡丹,900,3
958位,,黒魔術師,MPIX,900,1
959位,,黒魔術師,悪魔の抱擁ULT,900,1
960位,,メイド,ﾛﾌｫｶﾙ|дﾟ),900,1
961位,,メイド,メイリーノ,900,1
962位,,黒魔術師,デジ子,900,0
963位,,黒魔術師,satoTS,900,0
964位,,黒魔術師,Zagreb,900,0
965位,,黒魔術師,BadSweetTrap,900,0
966位,,黒魔術師,Mox☆Diamond,900,0
967位,,黒魔術師,苺ショート系,900,0
968位,,メイド,ラミュリー,900,0
969位,,黒魔術師,プカ,899,4
970位,,黒魔術師,ナタ－リア,899,4
971位,,黒魔術師,りーしゃ。,899,4
972位,,黒魔術師,御原凛音,899,4
973位,,黒魔術師,テイクイン,899,4
974位,,黒魔術師,りぜ！,899,4
975位,,メイド,魔メイド,899,4
976位,,メイド,☆もえもえ☆,899,4
977位,,メイド,中身おっさん,899,4
978位,,メイド,大福餅,899,4
979位,,黒魔術師,♪モップル♪,899,3
980位,,黒魔術師,火語アルト,899,0
981位,,黒魔術師,☆水月☆,899,0
982位,,黒魔術師,KAKA☆ブラマジ,899,0
983位,,黒魔術師,ルナサウト,899,0
984位,,黒魔術師,胡蝶しのぶ,899,0
985位,,黒魔術師,KissOverUnique,898,4
986位,,メイド,ラプラディー,898,4
987位,,メイド,Superior,898,4
988位,,黒魔術師,大二女子,898,3
989位,,黒魔術師,黒魔どうしよう,898,3
990位,,メイド,おとちゃん．,898,3
991位,,メイド,もふこ,898,3
992位,,黒魔術師,深淵姉さん,898,1
993位,,メイド,§黒のアリシア§,898,1
994位,,黒魔術師,らっきーすけべ,898,0
995位,,黒魔術師,ガジンDX,898,0
996位,,メイド,masamityann,898,0
997位,,黒魔術師,ぷにここ,897,4
998位,,黒魔術師,YuriWitch,897,4
999位,,黒魔術師,黒ぬこの烙印者,897,4
